Date	      Close	      High	      Low	        Open	      Volume
18-06-2019	578.2268677	581.3640088	572.8553339	577.2789216	16797371
19-06-2019	576.5792236	587.7059285	569.9213039	580.8899977	14492763
20-06-2019	585.3361816	586.8032382	576.8727041	577.7754525	10748848
21-06-2019	577.5496826	584.9975972	575.7667246	584.9749984	23236832
24-06-2019	569.8309937	576.1729511	567.4386504	574.231982	11267228
25-06-2019	584.9298706	585.9003552	566.1521631	568.2511433	14966899
26-06-2019	584.1625977	588.8796088	580.6417583	582.7407388	11593027
27-06-2019	575.1348267	585.4038603	573.7129076	583.711177	24905533
28-06-2019	565.6331177	579.0618908	563.6244122	576.466399	18942165
01-07-2019	572.7424927	574.4577146	562.6314097	567.8674707	13478857
02-07-2019	577.0982666	578.2267622	570.2371992	575.0444842	10146746
03-07-2019	578.9263916	580.7094099	575.5410253	579.0844027	8806492
04-07-2019	579.5808716	582.7406109	577.7753149	578.4072989	9351405
05-07-2019	570.2597656	582.5149653	568.7476321	580.0774244	10926753
08-07-2019	565.1591187	572.4038846	563.4212981	567.8448852	14009219
09-07-2019	577.8205566	579.3552892	562.2025877	563.7598588	17535754
10-07-2019	577.2563477	581.995897	572.6747491	577.7979967	12018196
11-07-2019	578.4750366	582.1990241	577.4594146	580.9351162	8608376
12-07-2019	578.0011597	586.8031974	576.8952025	579.1295951	15692436
15-07-2019	576.0150146	582.0635489	573.4195228	580.0323049	10659498
16-07-2019	583.6433716	584.5010427	576.4437434	577.7527886	10070773
17-07-2019	578.6104736	585.4490034	577.7754013	584.2302328	9482233
18-07-2019	569.5827026	580.6642693	567.8448821	578.6781628	11942908
19-07-2019	563.7824707	574.5931541	560.9386927	572.4490965	16336536
22-07-2019	578.0011597	579.8066564	553.9873297	564.6851993	29092589
23-07-2019	574.8639526	584.0496272	568.9281718	580.0322769	20316348
24-07-2019	568.3413696	577.2336809	565.8361528	574.8413378	15189179
25-07-2019	555.8831787	572.8327922	553.8519345	570.5532621	21805071
26-07-2019	547.8935547	560.8483544	546.1782726	555.8831182	20387504
29-07-2019	546.6071167	551.5949518	543.9664875	549.2928833	17626045
30-07-2019	533.0429077	550.6921789	530.8085756	547.961275	20853117
31-07-2019	526.4301147	534.8935906	524.692234	530.7182895	21229950
01-08-2019	532.7495117	536.3380263	519.2530039	525.1435868	22628222
02-08-2019	537.8091431	544.1210861	527.7055116	533.8812295	23766807
05-08-2019	519.1912842	529.9306337	512.220889	529.9306337	30399133
06-08-2019	512.3570557	522.0293379	509.4962688	515.2859854	29067994
07-08-2019	503.7746582	517.0115877	500.9138409	511.5397294	25349369
08-08-2019	523.2781372	525.8437396	497.3719122	503.2978542	31198568
09-08-2019	527.7055054	533.7904065	523.2553655	527.5920148	21970009
13-08-2019	578.8594971	591.5968735	556.7222885	559.9690767	104827144
14-08-2019	584.9898071	592.3461422	581.402426	592.1418349	31688983
16-08-2019	580.3353271	586.601862	578.0648488	586.3294119	21977767
19-08-2019	586.9651489	588.8723605	581.2435141	581.7203322	16317602
20-08-2019	579.4044189	586.9651221	577.8832088	585.6936882	14969299
21-08-2019	577.1339722	580.6305369	575.11327	579.2682256	10677848
22-08-2019	566.1448364	577.1566356	562.5801895	577.1339617	14031953
23-08-2019	579.3590088	583.0598806	556.9493494	562.6255755	21307915
26-08-2019	575.2495117	587.6008883	571.7075385	587.6008883	19202504
27-08-2019	578.9049683	583.5140075	572.7065153	583.5140075	28401906
28-08-2019	573.6600952	581.6976162	570.3678987	578.4054197	11605488
29-08-2019	563.8743286	572.2751166	560.9453989	570.5495385	18890222
30-08-2019	566.9621582	569.6186378	554.4518233	565.5771731	24735240
03-09-2019	547.8220215	564.441964	544.9157656	564.101371	18730619
04-09-2019	545.4379883	547.2997914	538.581145	545.1655382	32949395
05-09-2019	544.2800903	550.9098924	541.8733868	548.0036969	22995486
06-09-2019	555.1329956	558.0846601	542.7588847	546.2781234	23186819
09-09-2019	554.9967041	559.9009274	550.8871573	554.2928443	11747929
11-09-2019	560.5367432	563.0796717	555.132967	555.132967	12127900
12-09-2019	549.6157227	563.2840019	547.5042037	560.8092161	11880005
13-09-2019	556.5406494	557.8574916	548.049045	550.3649316	12947715
16-09-2019	549.7973022	553.5889906	538.6038099	539.9207127	20547730
17-09-2019	543.7578125	549.9108565	541.9641522	549.9108565	15640772
18-09-2019	547.5041504	552.317557	543.6443192	547.1635574	14933909
19-09-2019	535.4024658	549.3205209	532.4962704	548.480436	13766222
20-09-2019	569.5959473	576.657159	533.2455569	539.4439493	48165560
23-09-2019	562.7164307	581.6976697	560.809219	578.5871063	21610844
24-09-2019	580.6531982	589.7805203	564.3284396	564.7144409	34958974
25-09-2019	581.0391846	588.0549876	576.1803694	583.0598867	18192270
26-09-2019	588.8723755	589.7805426	582.832882	586.6927137	18350457
27-09-2019	594.4349976	597.1368855	583.0598715	586.9197028	19058663
30-09-2019	604.9700317	606.5593847	592.8456377	594.8664004	25263770
01-10-2019	592.5505371	609.3975218	587.2829861	607.1270434	17920384
03-10-2019	595.3432617	597.000697	581.8338816	583.968135	13524851
04-10-2019	594.0036011	603.3126169	592.0737157	599.3619688	14992253
07-10-2019	594.9118652	599.7706807	591.097442	594.0036375	10061584
09-10-2019	601.5643311	603.9256868	586.919742	594.2761383	17588647
10-10-2019	618.8200073	621.6580597	599.8614439	601.6778386	35006390
11-10-2019	614.2109375	620.1142056	606.9226843	619.2513862	16597126
14-10-2019	616.6630249	619.8189964	613.4162367	619.8189964	13394275
15-10-2019	619.4557495	622.1122292	614.982875	618.7064813	9672791
16-10-2019	623.1793823	626.494253	619.2514079	622.0668473	19403660
17-10-2019	634.145752	635.2810215	623.0204017	624.382713	16038940
18-10-2019	643.1596069	648.4044238	635.1448197	637.5515233	28121951
22-10-2019	642.1605835	652.4685225	637.2562993	647.0874809	27786502
23-10-2019	632.2839355	647.5188932	628.0835718	643.1368961	18446160
24-10-2019	652.2868652	654.5346696	629.6274909	636.1891495	22642488
25-10-2019	649.9029541	654.5574016	640.8437141	654.3985027	13539957
27-10-2019	651.2879639	656.169514	649.3580177	654.353119	3014841
29-10-2019	666.182312	672.0628458	654.8525934	656.3965382	25768505
30-10-2019	671.6541138	674.12896	663.1171008	672.062789	16341366
31-10-2019	664.9561768	676.4448541	663.7528251	673.8791911	19463741
01-11-2019	661.5731812	663.7982512	654.3530708	660.7104224	13904301
04-11-2019	661.9138184	667.9759857	656.2149178	665.6600989	14063434
05-11-2019	657.2138672	667.045049	654.3530801	664.3886299	12685356
06-11-2019	651.5830688	656.8278857	648.6768734	655.125042	14625505
07-11-2019	662.3452148	664.3431826	650.3570448	651.6285394	14084039
08-11-2019	656.3965454	662.8219796	654.4893338	657.9858986	12019353
11-11-2019	648.3590088	655.8288957	645.9749791	653.4902744	11357841
13-11-2019	668.5662842	670.2010457	649.3580033	649.3580033	25225749
14-11-2019	664.2296143	672.7893008	661.0736429	670.2463725	14258133
15-11-2019	667.9078369	675.1506815	664.4112724	665.5465419	15691605
18-11-2019	662.6176147	674.7873567	660.8920367	668.7251899	14076051
19-11-2019	685.5722046	687.9108259	665.2513894	666.1595565	30176255
20-11-2019	702.7824097	714.0213104	700.7617077	706.142749	43538120
21-11-2019	698.21875	706.5741298	694.1092029	701.5790895	14897371
22-11-2019	702.2601929	712.7044173	698.2187282	700.2621647	22352865
25-11-2019	709.0944214	710.5702233	704.3036881	704.371831	15146156
26-11-2019	708.5040283	715.8149548	706.5740824	712.0686749	35330983
27-11-2019	712.8634033	715.4290663	706.6195423	708.3678549	9642739
28-11-2019	717.6087036	719.3569555	710.1842256	714.134813	13747479
29-11-2019	704.3717651	718.3579016	702.8732289	718.3579016	18559594
02-12-2019	720.4241333	733.1161025	716.1102182	726.5544434	31225364
03-12-2019	716.9729614	723.829805	714.1121744	723.2622309	12990426
04-12-2019	705.0756226	716.3371972	696.4704669	714.2937607	20987607
05-12-2019	704.2355347	717.3589123	701.1249716	714.7478411	19942460
06-12-2019	706.074646	712.0233224	699.8081111	705.2118872	13085234
09-12-2019	714.1121826	716.2918443	702.2602378	706.6422958	12642677
10-12-2019	709.276001	714.5662258	705.7340281	713.862366	10173333
11-12-2019	709.4804077	714.9749401	704.1220398	706.3925182	12364641
12-12-2019	712.1141357	714.6797987	706.8693192	713.0450373	10326606
13-12-2019	718.7893677	722.0134822	714.021369	717.4724647	12668303
16-12-2019	711.3876343	723.7844189	710.3659159	722.9216601	11892718
17-12-2019	709.6166382	717.0183822	706.3698497	711.4557069	20324601
18-12-2019	715.5879517	717.4724287	709.298743	709.7528266	14742077
19-12-2019	731.0726318	733.3204363	713.7488898	714.6116486	20507816
20-12-2019	726.145752	734.5238058	724.7834407	733.3658624	21271510
23-12-2019	713.5672607	716.3599049	707.3915426	708.4359348	25107772
24-12-2019	702.2375488	713.8623909	700.4438279	712.4319974	18048449
26-12-2019	688.1378784	705.189171	685.7538488	700.0579055	29761019
27-12-2019	700.3757324	702.1239844	690.817001	693.4053378	17677571
30-12-2019	701.2158203	702.7824389	693.8821588	702.0104968	17123749
31-12-2019	687.5248413	700.9888132	684.8002793	700.2168105	22203005
01-01-2020	685.5040283	693.4507327	683.6422858	689.3184513	14004468
02-01-2020	697.1743774	699.7400405	686.5939273	686.5939273	17710316
03-01-2020	698.0144653	700.057902	691.5889707	696.1299276	20984698
06-01-2020	681.8259277	693.8140369	680.2365746	690.2267161	24519177
07-01-2020	692.3155518	696.8111002	687.2750424	689.7725626	16683622
08-01-2020	687.1161499	696.7883722	685.6857564	687.9562348	16047902
09-01-2020	702.9414063	703.8495734	695.3352946	698.6728996	14982742
10-01-2020	702.7824097	707.4595913	699.1496202	704.712295	12478359
13-01-2020	700.9888306	707.8002662	698.582127	701.6018737	18282382
14-01-2020	694.4952393	703.8496033	691.0668174	699.3086464	15816535
15-01-2020	691.9749756	699.263229	689.432047	697.4241603	15817859
16-01-2020	698.3549805	700.8298268	693.859432	694.3135762	12847975
17-01-2020	717.9265747	719.720235	705.3026884	705.4389135	29463471
20-01-2020	695.8347778	730.641282	693.1328898	730.641282	32545850
21-01-2020	696.5386353	701.9650852	691.1348592	694.1319318	18922720
22-01-2020	696.2888794	702.373781	695.2671611	701.1250209	10322817
23-01-2020	693.3372803	700.1941239	690.5445754	697.7192776	11247739
24-01-2020	690.930542	697.6511602	689.5682308	693.4053276	14628445
27-01-2020	684.1190796	692.2474178	683.4152198	687.9108289	13387750
28-01-2020	668.3165283	685.6857393	664.6156565	685.0499618	24532236
29-01-2020	671.994751	678.6018184	664.8199882	669.3609451	24746565
30-01-2020	655.6018066	671.9265644	653.8989631	671.6087059	22402689
31-01-2020	641.0253296	659.9157511	639.0046275	659.8021999	34750310
03-02-2020	629.1506958	635.7124152	618.9562474	622.0668106	30712290
04-02-2020	647.7232666	650.4932369	634.7361133	635.7350971	25383901
05-02-2020	657.7587891	659.7114091	649.4942862	651.5830706	18472100
06-02-2020	661.9818726	666.1595626	653.9444116	660.3017634	15538577
07-02-2020	651.0154419	659.5070465	648.586004	658.8940034	12209212
10-02-2020	651.9009399	656.3964882	640.4804055	648.4497838	15142476
11-02-2020	659.6887207	665.7962962	656.192156	657.2592827	13999816
12-02-2020	667.6580811	669.7242521	660.7104209	661.2326472	13533565
13-02-2020	669.4063721	671.0411336	664.1615552	671.0411336	13565659
14-02-2020	675.5139771	681.8031859	659.8476094	670.8140607	21227841
17-02-2020	671.2681274	683.9374221	669.4744671	676.1496771	13149130
18-02-2020	666.3411865	670.201018	661.8002297	670.201018	11127161
19-02-2020	682.8703613	684.0737132	669.8377986	671.7676841	14084409
20-02-2020	674.7647095	684.7775247	673.7883995	679.7824843	16892268
24-02-2020	656.1467285	670.7005004	653.6946167	667.4083037	21370214
25-02-2020	643.182312	659.0756607	640.276056	659.0756607	27745062
26-02-2020	632.1022949	641.3431678	629.9907761	640.2760412	29362748
27-02-2020	629.491272	632.9196936	621.6580582	630.2858878	25054993
28-02-2020	603.3352661	616.2089282	601.6778309	615.2552921	39315769
02-03-2020	597.6591797	621.6581339	590.8250095	615.3461901	29500495
03-03-2020	609.7834473	614.8012219	600.3155327	603.8120972	27398798
04-03-2020	608.3530884	614.7558485	593.9128067	613.9384981	22105261
05-03-2020	595.3886108	616.6403258	593.0499898	614.0292546	30510390
06-03-2020	577.1566162	584.9444218	563.5791544	576.7025327	33734039
09-03-2020	505.9316101	563.5337446	497.2356677	563.102335	88187018
11-03-2020	523.822998	535.129981	503.1388871	503.1388871	59578576
12-03-2020	482.7045593	499.9602186	476.2109829	492.6947002	55970485
13-03-2020	501.9128418	517.6699649	427.9405419	453.1882838	73297403
16-03-2020	461.2258301	490.2879965	456.3669844	481.5920538	38482258
17-03-2020	457.7293091	481.3423219	455.5496473	475.5525744	45445979
18-03-2020	439.7924805	470.3985917	436.3867628	465.5851544	44730415
19-03-2020	416.7243652	439.1113213	405.144901	417.8141961	61404010
20-03-2020	462.2475281	469.9444563	422.3097286	426.6236435	63360475
23-03-2020	401.4440002	431.3916576	397.6295774	416.0431797	40670949
24-03-2020	428.3946533	440.4736096	406.7796693	422.3097516	45734887
25-03-2020	491.4459229	522.9147917	437.4084652	437.6582111	73130298
26-03-2020	484.1576538	507.1803557	473.3274584	497.5989204	45744488
27-03-2020	483.8852234	502.8210531	475.07576	497.2356738	41657940
30-03-2020	467.9237366	488.0629182	463.1784422	472.5328362	30229866
31-03-2020	505.75	513.0382231	475.8931568	487.6769588	44292810
01-04-2020	490.6285706	510.6769047	474.6216709	509.609778	41597459
03-04-2020	489.2662659	515.1497861	479.662126	515.1497861	41367807
07-04-2020	547.685791	551.2731116	499.5061337	500.4597395	54373624
08-04-2020	541.3511353	558.0846294	526.751955	535.8338685	49880330
09-04-2020	553.9750366	559.810162	541.7371511	551.2731485	33032857
13-04-2020	539.9888916	551.727285	535.8338755	546.7095101	23673784
15-04-2020	522.1428223	561.2632393	519.0322592	543.5761708	35321842
16-04-2020	530.4074097	539.2168729	519.9405112	522.1428467	37455706
17-04-2020	555.8140869	558.5387095	541.5781736	552.1813579	33269335
20-04-2020	564.8052368	570.7992608	545.8239991	556.7223073	36030932
21-04-2020	561.8763428	568.5288187	528.5683731	549.456763	61371628
22-04-2020	619.2059937	628.8782768	590.3254907	599.4074045	142683366
23-04-2020	622.5209351	629.3096967	614.5288217	620.9089081	65464502
24-04-2020	643.4547729	678.8515867	611.7588311	613.0984079	134986308
27-04-2020	649.2444458	669.7923014	646.179291	651.1743311	58482901
28-04-2020	648.5179443	660.9147284	632.1704515	658.4399427	78453401
29-04-2020	647.9730225	660.0974178	644.8170507	656.1240955	37494672
30-04-2020	665.7054443	678.8515569	653.013476	660.2335861	71345899
04-05-2020	651.7193604	665.2514147	643.6591041	653.8990221	53456868
05-05-2020	663.276062	671.6087685	657.1684863	660.1201508	44903763
06-05-2020	663.3214722	674.3105969	656.396486	664.797274	40489094
07-05-2020	684.3007202	687.3432014	656.1694855	660.7104424	50026966
08-05-2020	709.2079468	717.427041	697.9917192	701.5791005	84262770
11-05-2020	716.0193481	733.3658242	713.9759116	717.4724155	67085063
12-05-2020	671.722229	712.1822864	665.2513868	710.5701989	100683202
13-05-2020	685.973999	699.9781415	666.5148522	699.9781415	66430125
14-05-2020	658.2407227	686.0885935	655.5361671	673.3908656	49266771
15-05-2020	668.9902344	672.3365693	648.6830611	661.930842	62152260
18-05-2020	660.4411011	679.3501355	654.596518	673.8493585	62796089
19-05-2020	645.8410034	670.0446278	643.2510902	667.8901256	42315854
20-05-2020	657.2093506	663.2373247	638.5523979	646.3452352	55320985
21-05-2020	660.6702881	669.929955	653.2212566	657.8052573	39167981
22-05-2020	656.2238159	668.3485142	653.9088991	665.5064603	37828973
26-05-2020	652.7857666	664.5437415	649.2331237	663.8332129	33216635
27-05-2020	662.6414185	666.5148907	647.2620507	655.9716645	35667956
28-05-2020	674.8806763	678.3186768	664.2228685	666.9732568	40126278
29-05-2020	671.2822266	674.7660597	665.8960321	672.9324473	40022527
01-06-2020	696.9298096	705.1810353	676.5768024	678.4333312	39943702
02-06-2020	703.9662476	705.9374189	697.1360789	699.5198054	22153960
03-06-2020	706.6937866	715.1054272	702.8890028	708.2294257	25381289
04-06-2020	724.1817017	728.6282041	706.3957527	707.7709165	34202350
05-06-2020	725.0526733	741.6926228	721.3854485	731.1493968	33076685
08-06-2020	719.4602051	741.87605	717.3974289	741.87605	31414953
09-06-2020	704.6309204	725.6486235	702.7285589	715.2428956	25857161
10-06-2020	720.6749878	724.0671557	705.9603161	707.3583963	22132647
11-06-2020	704.8830566	718.7496408	701.8117786	717.8557812	20385805
12-06-2020	728.307312	730.2325898	686.2260751	687.6012996	38548899
15-06-2020	740.111145	745.7953132	715.6096089	717.3973886	53107403
16-06-2020	741.5551147	755.6967557	726.7028845	753.1526754	51187003
17-06-2020	740.4778442	749.6916782	734.4040374	737.2231747	41782053
18-06-2020	759.065979	763.2374243	736.0084175	736.6501969	40471557
19-06-2020	806.510498	819.9874427	761.8622646	765.5294287	105804173
22-06-2020	800.4367065	827.046851	795.3255082	812.9281265	60198705
23-06-2020	788.8620605	808.5045385	786.6617257	802.2015073	37962078
24-06-2020	792.0479736	812.6072894	784.6448351	795.738115	51586221
25-06-2020	787.4868774	801.7431614	785.2636261	791.6583231	39679374
26-06-2020	798.3738403	803.118316	787.0742537	792.4834252	30921913
29-06-2020	789.8934937	797.5029397	786.4096604	792.1396613	25621946
30-06-2020	781.1609497	798.0758951	777.2415843	796.2423434	30276420
01-07-2020	796.517334	801.7431141	782.9715794	788.4495002	28464103
02-07-2020	806.9460449	810.2694638	795.3484836	798.9927923	28789533
03-07-2020	819.5748901	821.9127838	810.4527217	815.8618327	29434266
06-07-2020	848.8667603	851.708814	821.5001935	827.4135859	47016185
07-07-2020	835.8710327	854.6196509	828.0095069	852.625624	35189589
08-07-2020	824.204834	841.1426966	820.537609	836.1461405	26204095
09-07-2020	836.2377319	841.1655385	818.818506	829.2471494	36418942
10-07-2020	860.8997803	863.9023092	836.2377694	838.1860243	43759967
13-07-2020	887.0057373	892.8274038	870.9616738	872.4973128	69608392
14-07-2020	878.7545166	890.0770205	865.1400122	886.5473544	67331128
15-07-2020	845.2911987	907.0836642	824.2048076	888.3579618	139669773
16-07-2020	845.0161743	856.7512327	830.8286404	846.6663951	60961724
17-07-2020	876.3250122	880.1297353	842.5408315	845.7496685	49726765
20-07-2020	880.0838013	885.6304711	870.8012182	879.1211927	36592938
21-07-2020	903.7602539	906.2585622	887.6933349	888.8393351	42173371
22-07-2020	918.635376	921.3857642	898.7865902	909.0089261	59771457
23-07-2020	943.2973022	953.3362464	912.8365424	918.6123758	58333751
24-07-2020	983.7970581	991.521086	943.297352	943.3890174	120597372
27-07-2020	988.4039917	1007.931889	975.4312669	998.7638869	80304827
28-07-2020	998.2595825	1005.73153	985.8598278	988.4039688	55114422
29-07-2020	961.1062012	1000.597405	949.0960854	998.3512976	72663399
30-07-2020	966.6987305	980.8403717	949.8066402	962.1834788	72857444
31-07-2020	947.5604858	975.9354949	941.0053743	969.2887179	74958061
03-08-2020	920.9273682	942.9305953	918.222752	940.3177052	46715383
04-08-2020	985.8369141	993.3546947	916.9163671	926.2448438	92041055
05-08-2020	974.7665405	1006.648298	971.0305666	994.2715205	74549993
06-08-2020	978.2733154	993.6755994	966.2173666	988.7707088	49322975
07-08-2020	983.9345093	989.1373729	971.9015382	976.3021472	32984416
10-08-2020	971.7410889	992.4379016	966.3548942	989.733346	26958997
11-08-2020	978.1357422	990.1458573	962.8022085	978.5941301	46828306
12-08-2020	975.2937012	983.2699305	965.7589771	972.2682558	30264617
13-08-2020	972.7495728	980.4736004	967.2258193	975.4770446	24830322
14-08-2020	968.9677734	988.7706658	957.7140192	972.9787437	33224635
17-08-2020	958.6766968	964.9338346	948.9356651	964.9338346	30979066
18-08-2020	971.1452026	978.3650097	954.5510863	955.7658356	30547672
19-08-2020	977.1043701	987.3955159	972.428704	981.4362908	34087543
20-08-2020	961.2895508	973.5976401	957.1410216	971.8098604	22537845
21-08-2020	954.3218994	972.7267125	952.0986481	970.8931	25280895
24-08-2020	960.6936646	964.7046349	949.1190202	958.6996376	32717218
25-08-2020	954.4364624	967.8218028	952.5570172	965.3922436	19388008
26-08-2020	979.7401733	984.6221474	938.3466086	955.7658353	59870421
27-08-2020	967.5009155	985.5619222	964.1316641	984.6450857	28085062
28-08-2020	970.0450439	977.7232391	965.506876	971.8098466	27166900
31-08-2020	953.7947388	996.5635286	944.4662621	996.5635286	62076132
01-09-2020	956.7972412	972.9099924	945.4059282	962.6418238	38616258
02-09-2020	975.5687256	980.0610608	955.7658331	958.9746093	26949439
03-09-2020	968.1885376	980.404901	964.017092	975.477094	18586429
04-09-2020	952.2131958	961.243699	949.8982791	955.1011429	28475945
07-09-2020	954.6885986	965.2776573	937.0859801	955.3074618	21926473
08-09-2020	965.8965454	972.2682654	953.7030377	958.9746508	27397082
09-09-2020	990.7647095	993.7214057	954.1384761	955.7658412	55310877
10-09-2020	1060.739624	1074.927158	997.1822972	1000.73494	140304404
11-09-2020	1063.375366	1071.672424	1048.408676	1059.822845	59470807
14-09-2020	1055.490967	1081.826115	1046.070764	1065.782113	44063445
15-09-2020	1062.963013	1066.125957	1048.890059	1059.800069	27178393
16-09-2020	1065.575684	1086.11202	1059.158131	1063.489931	33952295
17-09-2020	1053.749146	1069.770233	1050.586081	1063.490057	25828669
18-09-2020	1056.934937	1063.237907	1043.572513	1060.854241	33074915
21-09-2020	1034.083618	1070.824371	1030.187109	1054.321921	33627381
22-09-2020	1013.593079	1043.778721	1009.192409	1043.778721	34792254
23-09-2020	1022.600647	1043.664183	1010.911481	1035.985987	42988708
24-09-2020	999.8640137	1020.400291	997.5032036	1012.103293	29826318
25-09-2020	1009.26123	1014.349513	993.4922844	1003.439564	28374935
28-09-2020	1015.930969	1025.901226	1011.713691	1020.858776	19666849
29-09-2020	1029.132935	1037.819571	1015.930985	1019.942016	25842539
30-09-2020	1024.228027	1039.194718	1019.94194	1035.985941	24465159
01-10-2020	1020.05658	1037.727887	1014.899548	1037.727887	20783227
05-10-2020	1014.074463	1031.012326	1011.232409	1028.651576	18922799
06-10-2020	1013.226379	1024.021685	1009.238265	1020.056548	18412175
07-10-2020	1034.840088	1058.447705	1017.650024	1024.526025	53170865
08-10-2020	1026.474121	1039.653214	1018.612595	1035.527541	21077808
09-10-2020	1023.815491	1032.777245	1016.320626	1024.526019	18545499
12-10-2020	1025.465698	1034.037753	1020.515036	1024.526006	14226473
13-10-2020	1045.474976	1047.789892	1020.331598	1022.509017	23112012
14-10-2020	1048.592041	1056.155654	1039.882367	1044.64982	26742011
15-10-2020	1011.461548	1049.738003	1006.189935	1049.738003	20036197
16-10-2020	997.3886719	1023.379954	995.9446983	1015.358014	21583600
19-10-2020	997.5719604	1021.638025	987.9226548	1003.920824	31200385
20-10-2020	988.2664795	1005.273151	986.5932816	998.8555382	18482288
21-10-2020	973.9185181	1004.814751	961.6104289	993.8131369	34082321
22-10-2020	965.8277588	977.5399018	958.5162857	975.2020686	30802210
23-10-2020	968.6240234	978.6858847	960.9916608	965.3922701	23422125
26-10-2020	930.1412354	963.535716	925.2821776	963.535716	37324416
27-10-2020	932.6165771	944.236993	919.0937393	932.7999081	36478896
28-10-2020	922.0504761	943.2515097	920.1939473	935.9628928	29924017
29-10-2020	929.1326904	936.0545846	912.6761333	915.4265215	30655304
30-10-2020	941.7846069	946.6436646	926.7948787	932.1581571	34021563
02-11-2020	860.6247559	929.1785817	852.2360319	929.1785817	99366895
03-11-2020	848.2249756	875.0872609	841.2114763	866.3776474	88691623
04-11-2020	877.0125122	884.2552961	842.082394	842.082394	80180117
05-11-2020	896.1737061	898.901178	885.6304803	896.1507897	37205373
06-11-2020	930.1641846	935.1378244	906.7857314	912.2178198	66674086
09-11-2020	940.0426636	948.4313872	933.3041608	945.2684437	35838510
10-11-2020	955.5595703	958.0578787	935.6879278	952.0986533	36934242
11-11-2020	915.5181885	960.3498133	906.7627426	957.5994251	56724780
12-11-2020	907.633667	920.6752004	900.7576663	908.0921155	40046527
13-11-2020	915.1514893	933.6021344	908.4359634	908.5505453	45388670
14-11-2020	917.8560791	923.8153044	914.6702191	923.6319735	5226220
17-11-2020	913.7075806	955.7659049	909.9257737	955.7659049	46542562
18-11-2020	910.9342041	919.7813763	898.5115333	913.7075087	30402290
19-11-2020	904.4937134	921.592051	902.2246293	910.934243	27796343
20-11-2020	870.7324829	909.3756596	868.6696462	905.3417124	57471248
23-11-2020	894.2026367	903.0497487	882.9947146	894.3401349	45327567
24-11-2020	900.3222656	904.8833501	885.6305103	900.2993493	30936268
25-11-2020	892.87323	913.5700433	890.3062332	907.6337344	32637879
26-11-2020	895.0735474	900.7577155	884.7366294	895.2798553	25838637
27-11-2020	884.6220093	896.6779581	880.7714534	889.5268999	47336811
01-12-2020	896.1279297	901.3307938	884.7366764	889.4581756	19750687
02-12-2020	897.6177368	899.3826002	887.0057613	897.7781514	22188887
03-12-2020	900.3222656	908.1380198	897.8468737	903.9665742	27785372
04-12-2020	892.3919067	902.5913265	889.2977123	902.5913265	18464552
07-12-2020	897.640564	900.7576746	889.5727304	889.5727304	18242188
08-12-2020	913.9367065	923.3339318	893.881674	898.9928722	43403061
09-12-2020	929.1556396	932.2957274	916.4579722	921.3628627	29175254
10-12-2020	920.0105591	929.8661728	917.2601708	926.7032292	16065507
11-12-2020	919.4605103	934.2210145	904.9979188	922.760952	26944202
14-12-2020	912.8137207	923.677837	910.5446366	920.4460836	17312747
15-12-2020	905.0437622	912.0801775	898.9698949	912.0801775	18551265
16-12-2020	906.0522461	914.4868632	901.0786065	911.3009427	18561011
17-12-2020	910.2008057	919.093811	906.3273334	909.696585	20252358
18-12-2020	912.9282227	919.0479229	900.7576926	907.6795868	18466344
21-12-2020	889.1601563	926.8865573	850.4482302	921.3857807	44135540
22-12-2020	887.7849731	897.9614763	865.6671035	893.4233085	28140001
23-12-2020	891.062561	894.5463942	880.4276093	884.7136971	19501410
24-12-2020	914.1201172	916.2516423	892.0022476	892.5064683	20776988
28-12-2020	918.3144531	925.0529556	914.6472285	919.8730084	17221499
29-12-2020	912.2406616	922.440081	908.8026006	920.9273584	18611939
30-12-2020	914.7389526	920.1022311	905.5938675	914.6243708	22043630
31-12-2020	910.0632935	922.2567404	906.9920153	913.8221838	18781189
01-01-2021	911.0717773	915.4265538	908.5505527	911.300941	10015175
04-01-2021	912.6074219	916.2975025	902.132945	914.5556161	24513534
05-01-2021	901.2619629	909.2839638	896.632069	902.5912939	24123091
06-01-2021	877.4938965	901.2160938	873.322451	901.1702611	46401468
07-01-2021	876.0728149	891.5896798	873.3224267	880.3588421	32325918
08-01-2021	886.40979	888.5642923	876.5083434	879.212899	27540187
11-01-2021	869.7010498	888.7475808	867.5236313	888.7475808	33307825
12-01-2021	897.1134644	898.4657118	870.9158143	872.3368715	41161546
13-01-2021	888.7476196	905.3188201	879.4192034	900.0930398	26619458
14-01-2021	898.7407227	901.6286696	888.8621932	891.589665	21553242
15-01-2021	888.1288452	904.7917117	880.1526763	898.7408208	20593268
18-01-2021	909.444397	915.4265384	881.6653362	893.4691439	35100458
19-01-2021	924.319519	931.0121283	914.3492634	914.3492634	32006615
20-01-2021	941.8763428	943.3890655	917.4435544	926.611617	30924537
21-01-2021	962.3667603	971.8098184	951.1818158	954.390592	39087742
22-01-2021	939.5384521	969.6783235	932.9145311	967.6842359	30532660
25-01-2021	889.7561035	932.8228667	885.6304907	932.8228667	54207104
27-01-2021	868.6696777	882.4217409	865.4609014	882.4217409	42370131
28-01-2021	860.2121582	881.6424156	857.2096293	861.862379	34067814
29-01-2021	844.3515015	876.9667039	838.8735806	868.348756	43712383
01-02-2021	868.8071899	873.2536317	847.1247919	852.350572	34180952
02-02-2021	882.7884521	889.2977309	850.3107471	877.4939227	41470034
03-02-2021	885.0117188	894.798523	870.9616821	883.9344676	30301696
04-02-2021	882.1008301	889.2977209	873.2536577	881.9632713	25626981
05-02-2021	881.8486938	891.4293112	880.1297239	884.736641	20248046
08-02-2021	894.5463867	902.5913041	884.2782181	886.1117699	21183400
09-02-2021	896.7008667	912.0344015	894.936064	899.3596502	19604141
10-02-2021	905.020874	909.8111829	883.4760332	895.6007921	21234156
11-02-2021	942.3346558	946.2311048	904.0811184	907.6337007	42539278
12-02-2021	935.8712769	952.5570597	923.8611604	942.2430576	30497029
15-02-2021	931.7456055	944.9017213	928.2617722	938.8279144	15791099
16-02-2021	944.0766602	953.1988292	932.8458216	935.0232402	21421660
17-02-2021	954.963623	960.7852892	939.9968115	944.305755	23742994
18-02-2021	947.8355103	966.4924029	943.8932284	955.765846	18646877
19-02-2021	953.6113281	964.9109152	941.23449	942.9306042	23403483
22-02-2021	920.5147705	958.0120077	914.4868569	953.4738397	23804335
23-02-2021	927.5512695	941.0511919	923.0360178	938.8050242	25644108
24-02-2021	944.7642822	946.7124766	928.7889674	930.5538308	10807663
25-02-2021	982.9719238	986.4786734	950.2649955	951.64022	34855693
26-02-2021	956.1325684	978.1816288	949.2106739	970.4346845	37481215
01-03-2021	963.4211426	968.1427022	945.4518013	967.3175311	17680764
02-03-2021	965.3922119	976.3938255	957.6452679	972.7266614	17150760
03-03-2021	1009.44458	1017.60414	965.9423456	972.2912096	31924461
04-03-2021	997.411499	1003.874945	989.0915248	999.3138604	21435754
05-03-2021	998.7179565	1013.959825	986.9599815	988.3122896	25511666
08-03-2021	1004.402161	1023.104885	993.8131024	994.042266	19506841
09-03-2021	1004.379272	1014.807917	984.0034088	1008.481969	15154484
10-03-2021	1000.207764	1015.4038	994.8444853	1011.690742	11519358
12-03-2021	979.8777466	1011.415698	973.5976316	1006.189918	16864952
15-03-2021	966.7216187	985.0576213	953.703001	981.0008183	16698099
16-03-2021	962.9169312	974.5603248	960.579098	969.0594874	13873801
17-03-2021	942.1743164	964.0171309	932.891672	961.7480467	19210236
18-03-2021	920.9732666	955.6742239	917.2602089	950.2192191	20647480
19-03-2021	954.390625	960.739489	908.9172796	912.6761699	41787429
22-03-2021	945.4059448	950.7233905	932.0206653	949.3482266	18572478
23-03-2021	956.9118652	967.0883688	942.4722506	945.1997226	17421165
24-03-2021	938.4841309	953.359217	935.3211873	953.359217	16822814
25-03-2021	912.8824463	941.5554288	909.92575	941.5554288	22001648
26-03-2021	914.3493042	923.081834	904.7458312	922.3025564	20180202
30-03-2021	930.2329102	939.2175808	912.9282647	920.4689618	20441701
31-03-2021	918.2227783	939.6759526	916.3433332	925.0530073	16250796
01-04-2021	926.8178101	930.553784	918.2456948	925.0530074	11723312
05-04-2021	913.409668	928.2618385	899.4284407	928.2389221	14875099
06-04-2021	909.6049194	919.0708946	902.5913593	918.635423	14009194
07-04-2021	918.1082153	938.300808	913.7305224	916.8018006	24266353
08-04-2021	919.2542114	926.886574	913.5929595	921.8441852	15369188
09-04-2021	908.5734863	919.7125986	907.6337334	916.091267	14037885
12-04-2021	876.0728149	899.1074601	871.0762592	898.0072927	20901482
13-04-2021	885.5388184	889.5727656	879.1441216	881.963259	19411189
15-04-2021	891.2687988	898.9240774	876.9208503	883.0175735	19723716
16-04-2021	885.6763306	893.8358907	883.0863568	887.7391673	15656948
19-04-2021	871.7409668	878.47947	866.3776882	872.7953016	18478808
20-04-2021	871.4888306	879.6712462	866.5839402	875.7748578	17203668
22-04-2021	873.8954468	877.585588	860.2809426	867.4090844	14490954
23-04-2021	872.9557495	879.6254427	868.8301367	873.7121109	11828857
26-04-2021	888.3121338	899.3825574	876.2332688	880.1297179	20846778
27-04-2021	911.598938	915.5182429	888.4955423	889.2977364	19992524
28-04-2021	915.5640259	920.4689162	907.7025001	915.8161665	17122437
29-04-2021	927.8262939	937.2006031	920.1480989	927.2990963	17412606
30-04-2021	914.2805786	933.3041942	911.0947186	920.6981919	19828769
03-05-2021	898.0302734	907.1753588	890.7188006	901.2161334	23640186
04-05-2021	878.5710449	902.0412218	876.0040483	893.8816622	21849830
05-05-2021	880.1755371	888.6100935	874.6517836	881.6653434	12393609
06-05-2021	885.1720581	887.0056704	873.9870533	880.9776964	14624666
07-05-2021	885.5159302	896.4717116	882.8801236	888.2663185	12288548
10-05-2021	882.9717407	892.4147989	880.5651586	888.8393003	13941237
11-05-2021	886.1576538	888.632985	875.5456186	877.8376795	13478264
12-05-2021	876.989624	886.0430436	874.1704866	884.7595452	13177961
14-05-2021	888.0599976	890.214439	873.7120495	883.8197426	13291616
17-05-2021	898.6262207	900.0472173	884.8970739	888.0600781	11873078
18-05-2021	911.2780151	917.9936016	904.1957062	908.0921553	12064918
19-05-2021	915.4494629	924.3424678	903.9665448	907.633709	16317002
20-05-2021	910.1091309	921.7983572	908.0921875	915.8391319	11422532
21-05-2021	917.9707031	921.2023958	910.3841734	913.1345617	10785605
24-05-2021	910.2236938	921.2941174	908.5505566	920.4689464	8551760
25-05-2021	899.909729	915.4265951	898.4657554	915.1515381	14780102
26-05-2021	903.0726318	907.4045525	900.8952739	905.3417158	7480204
27-05-2021	905.8460083	913.5929526	899.4971442	903.1872854	26819294
28-05-2021	960.2581787	964.9338449	912.2177762	912.2177762	56469931
31-05-2021	990.2834473	1004.677229	955.7887982	963.5586591	59124142
01-06-2021	994.225647	1009.398706	983.9574179	992.8962553	28013832
02-06-2021	1009.054932	1012.836738	988.7706742	988.7706742	24630162
03-06-2021	1012.905518	1031.401996	1006.694212	1018.108321	23974257
04-06-2021	1004.127136	1016.02261	1001.262105	1015.266248	14468646
07-06-2021	1021.042114	1027.734785	1001.605943	1009.398781	16336573
08-06-2021	1015.174622	1020.927539	1007.633924	1020.675459	9674735
09-06-2021	997.0219116	1018.108303	989.2061577	1017.191527	11409161
10-06-2021	1000.689148	1022.233988	998.1908396	1005.45648	14155653
11-06-2021	1018.046692	1024.877736	1002.843732	1004.131766	13762778
14-06-2021	1032.651733	1038.792708	1009.720753	1018.897781	20332436
15-06-2021	1034.997681	1046.451642	1030.535677	1040.057709	15174215
16-06-2021	1017.333679	1033.640642	1014.688684	1032.651681	10797349
17-06-2021	1019.196716	1028.097728	1002.751776	1011.997732	15745975
18-06-2021	1023.796692	1028.097722	1004.798741	1023.727703	29369026
21-06-2021	1029.13269	1033.847653	1012.06679	1013.607783	12186448
22-06-2021	1023.842651	1040.05769	1020.898644	1036.837605	12871913
23-06-2021	1014.45874	1035.273639	1012.779709	1034.997684	16653951
24-06-2021	990.6077881	1018.713717	984.3978251	1015.14875	91461975
25-06-2021	968.0447998	990.6077787	957.3038441	990.6077787	55355022
28-06-2021	959.5578613	978.1878113	957.2578705	976.1178439	20277042
29-06-2021	960.3858643	970.1378596	958.6838978	961.1678587	27144063
30-06-2021	970.8968506	976.4168043	961.8808573	964.2728332	19762858
01-07-2021	965.0548706	976.6468096	963.697848	974.2778301	12534407
02-07-2021	979.3607788	981.1317948	962.7548041	964.6178052	14086620
05-07-2021	989.0897827	990.6307753	980.4877831	982.7647777	11702287
06-07-2021	977.4058228	988.4917834	975.2898628	986.6748357	10070124
07-07-2021	970.6207886	978.762802	965.0778389	978.762802	10454892
08-07-2021	962.5938721	973.794875	957.2578884	973.794875	11185460
09-07-2021	952.7498779	962.1798647	950.4038946	960.4778374	9037675
12-07-2021	958.6838989	966.6878744	954.2678873	956.6828594	8585292
13-07-2021	965.8598633	967.4008559	960.5008227	965.9978408	6717133
14-07-2021	959.5578613	969.1488218	957.3728518	966.1588216	8532544
15-07-2021	957.8789063	963.6978722	956.1078902	963.6978722	9448356
16-07-2021	971.7018433	972.7828499	960.2938741	960.3628628	8828185
19-07-2021	965.5148315	977.0377815	962.4328464	965.9978138	8354449
20-07-2021	963.145813	969.6778452	958.6378773	965.7678122	6741464
22-07-2021	975.5198364	976.9918403	965.1468813	974.737842	7972397
23-07-2021	968.619812	981.8447892	966.9407811	981.8447892	9937030
26-07-2021	955.348877	975.6577971	952.7038814	969.6778575	12389668
27-07-2021	945.2978516	958.4998327	939.317912	955.3258624	10824523
28-07-2021	937.178894	946.6778693	927.4728916	946.6778693	12897848
29-07-2021	944.4928589	954.2218576	939.9618661	944.8378636	13765738
30-07-2021	936.2359619	951.2548913	934.3039112	946.6779058	11350608
02-08-2021	953.3479004	956.5218707	938.9269348	944.9759241	10925104
03-08-2021	960.362854	961.8578541	949.529913	961.3978681	11817299
04-08-2021	967.7228394	972.4378021	960.0178156	963.4218092	13169800
05-08-2021	981.7528076	991.2057294	967.9528023	972.5757801	21252078
06-08-2021	960.9608765	987.5948018	956.2228564	979.7747965	16620987
09-08-2021	955.4868164	961.3058428	950.5878228	957.2578324	7494143
10-08-2021	960.5007935	971.9778117	953.9228297	957.7178205	11919198
11-08-2021	973.9558105	975.197791	958.3618536	964.5948128	9184963
12-08-2021	970.8278198	978.0498005	968.2978057	977.4517761	8137612
13-08-2021	986.9967651	988.9518121	970.1148352	973.9558186	12780901
16-08-2021	999.8077393	1013.377721	978.9467877	988.6987826	21935444
17-08-2021	995.5527954	1005.189749	988.008806	997.6688162	12658169
18-08-2021	999.416748	1005.925723	990.1937887	1000.037769	10075860
20-08-2021	988.1928101	999.1177359	983.0178004	985.7777772	9426282
23-08-2021	994.678772	1000.037752	980.8557704	1000.037752	9854395
24-08-2021	1004.499756	1008.317743	991.57373	995.9207527	11864472
25-08-2021	1013.193726	1021.197762	1002.843767	1005.281796	13380559
26-08-2021	1026.004639	1032.651652	1014.297658	1015.677677	18589616
27-08-2021	1024.601685	1031.662753	1019.380743	1029.017696	10480636
30-08-2021	1044.312622	1046.88869	1028.925692	1034.997678	14027062
31-08-2021	1038.746704	1050.522613	1031.432677	1047.371639	26485463
01-09-2021	1042.863647	1054.731664	1040.977711	1045.577693	11145486
02-09-2021	1055.421631	1061.585601	1037.29766	1037.29766	9956770
03-09-2021	1098.70752	1101.69752	1059.14763	1062.597555	30664428
06-09-2021	1115.77356	1140.797503	1109.517482	1109.977529	33641710
07-09-2021	1122.811523	1130.67746	1109.517496	1117.797487	17349882
08-09-2021	1118.418457	1128.837465	1107.056481	1127.917493	14301651
09-09-2021	1115.77356	1121.408494	1111.403541	1116.831509	8963249
13-09-2021	1090.910645	1119.177549	1089.300663	1119.177549	16311160
14-09-2021	1089.484619	1101.237532	1088.357559	1092.497616	8908356
15-09-2021	1094.015625	1102.042536	1089.507628	1089.507628	9071075
16-09-2021	1116.969482	1120.902451	1088.817561	1095.510567	13448882
17-09-2021	1099.650513	1129.688492	1092.773537	1125.1575	34882133
20-09-2021	1101.39856	1112.438466	1090.197557	1091.163522	11779819
21-09-2021	1106.159546	1111.633507	1096.637513	1106.297523	9915736
22-09-2021	1118.027588	1123.317457	1103.192568	1107.677568	10995912
23-09-2021	1145.35144	1148.617396	1124.927479	1125.801459	15748397
24-09-2021	1142.039429	1152.504429	1137.117499	1151.63045	15192163
27-09-2021	1161.244385	1163.751464	1138.635534	1144.01751	15373834
28-09-2021	1172.100342	1179.851297	1155.885304	1165.637299	18035258
29-09-2021	1162.808472	1182.197359	1159.220447	1182.197359	9719875
30-09-2021	1158.852417	1165.913485	1150.158493	1161.497473	13590654
01-10-2021	1160.899414	1168.305426	1147.697493	1150.89446	8958928
04-10-2021	1175.826416	1184.428355	1167.040385	1174.377408	10918552
05-10-2021	1200.22937	1201.517404	1171.778375	1175.343403	13533634
06-10-2021	1177.52832	1205.174201	1173.503367	1205.174201	10258881
07-10-2021	1183.301392	1195.422366	1181.139378	1193.697282	6336665
08-10-2021	1228.772339	1234.821328	1187.487363	1189.212326	15772493
11-10-2021	1220.216187	1251.197133	1216.858246	1242.641187	14768666
12-10-2021	1227.185181	1234.17726	1214.972221	1216.697306	6682011
13-10-2021	1239.674194	1250.967182	1227.875168	1232.337172	9959762
14-10-2021	1242.181152	1250.024214	1236.109167	1242.158156	8623469
18-10-2021	1245.493286	1262.697164	1224.655269	1227.553285	13594479
19-10-2021	1256.648193	1265.618194	1245.677275	1252.945187	8833409
20-10-2021	1242.181152	1261.662146	1238.08721	1261.662146	12710570
21-10-2021	1206.34729	1254.877181	1197.469275	1254.601225	20831669
22-10-2021	1208.601318	1225.85131	1201.287292	1205.197264	11027475
25-10-2021	1196.825317	1232.797306	1182.197385	1232.797306	17198417
26-10-2021	1224.0802	1227.691221	1197.446275	1203.863326	9750178
27-10-2021	1208.601318	1231.325272	1205.174268	1219.917302	9896298
28-10-2021	1195.353271	1213.454247	1191.627391	1205.197252	9886181
29-10-2021	1166.672485	1194.226384	1150.779515	1194.226384	14233025
01-11-2021	1167.385498	1175.757475	1147.283483	1166.672492	15481114
02-11-2021	1150.365356	1172.077351	1147.812407	1170.697333	10569130
03-11-2021	1142.453491	1159.197444	1132.057479	1152.780393	11989430
04-11-2021	1149.468384	1152.251418	1145.397438	1146.754339	1705656
08-11-2021	1150.894409	1159.197396	1129.941412	1158.92132	20337183
09-11-2021	1159.97937	1163.291318	1144.040409	1152.297404	15682497
10-11-2021	1172.951416	1176.677418	1151.67647	1157.679467	10253470
11-11-2021	1175.090454	1182.427356	1166.350416	1168.420444	10722478
12-11-2021	1192.823364	1195.422428	1176.217389	1178.931434	8712341
15-11-2021	1185.7854	1197.0094	1182.197376	1195.997321	4803269
16-11-2021	1158.231445	1184.497308	1147.697456	1183.140286	11337581
17-11-2021	1133.4375	1149.51444	1132.057481	1149.51444	10202029
18-11-2021	1137.715454	1144.937496	1127.02049	1131.597476	8505625
22-11-2021	1087.32251	1126.537454	1081.457491	1120.603447	24124307
23-11-2021	1097.488525	1104.57259	1062.137679	1073.200583	25326999
24-11-2021	1081.641602	1108.551481	1078.030581	1094.797529	16820296
25-11-2021	1146.754395	1150.917447	1084.286581	1091.577611	42401936
26-11-2021	1109.793579	1139.69346	1104.687558	1135.185463	15763138
29-11-2021	1123.087524	1149.997528	1103.583533	1121.983582	24325354
30-11-2021	1106.481445	1138.911399	1098.868468	1135.277382	32172299
01-12-2021	1134.817505	1138.037468	1115.543477	1119.177494	10104610
02-12-2021	1142.108398	1148.249373	1132.333407	1136.059409	12720411
03-12-2021	1107.79248	1149.307416	1103.99749	1149.261424	19222481
06-12-2021	1086.793579	1115.497534	1084.286622	1111.357599	10332254
07-12-2021	1095.64856	1105.837484	1085.597613	1093.026621	11235122
08-12-2021	1112.323486	1118.625434	1106.895518	1115.083524	8744178
09-12-2021	1129.964478	1138.451435	1115.497519	1120.097501	13213547
10-12-2021	1131.114502	1134.357461	1117.958452	1122.512441	8364414
13-12-2021	1108.436523	1138.083445	1105.83746	1137.80749	12901733
14-12-2021	1094.866577	1106.757589	1091.761596	1094.797588	12991523
15-12-2021	1091.669556	1106.297487	1086.103488	1096.637477	9366969
16-12-2021	1105.791504	1111.127488	1089.576587	1106.619491	9761279
17-12-2021	1076.604614	1107.677547	1067.197563	1103.100562	21049821
20-12-2021	1047.578735	1066.208625	1033.663687	1066.208625	14325846
21-12-2021	1063.172607	1079.157562	1054.409695	1063.2186	12836561
22-12-2021	1088.403564	1091.071617	1068.117701	1069.451605	17658543
23-12-2021	1088.012573	1094.797564	1084.700625	1092.037527	9072401
24-12-2021	1091.485596	1100.317497	1075.270557	1090.197562	7886494
27-12-2021	1090.312622	1093.877651	1080.123698	1086.310665	4017223
28-12-2021	1103.261475	1106.228478	1091.600547	1092.773478	6374613
29-12-2021	1105.147583	1112.737565	1095.763528	1099.857592	15425312
30-12-2021	1085.183594	1106.27457	1078.973631	1103.997575	29333171
31-12-2021	1089.346558	1096.591474	1085.597559	1091.57756	9477290
03-01-2022	1105.768433	1107.654491	1087.23053	1087.897543	5421611
04-01-2022	1130.723389	1132.057415	1105.837424	1111.311506	10847728
05-01-2022	1136.013428	1139.417482	1119.154494	1132.51751	11643813
06-01-2022	1111.587524	1128.837516	1108.137477	1127.549483	14447422
07-01-2022	1120.557495	1130.700426	1109.3105	1118.234508	13112115
10-01-2022	1121.477539	1130.217578	1111.3806	1127.917587	9246731
11-01-2022	1129.550537	1138.474424	1120.097493	1120.55754	16205164
12-01-2022	1159.703369	1161.474446	1133.897431	1136.795446	14800442
13-01-2022	1166.235352	1168.857412	1153.861418	1159.77243	11856712
14-01-2022	1167.937378	1180.955329	1161.888389	1166.097434	19930176
17-01-2022	1174.032349	1179.897368	1167.017395	1167.477442	8036453
18-01-2022	1160.025391	1178.678275	1157.242357	1175.182358	6215029
19-01-2022	1159.933472	1169.317405	1154.137441	1163.797451	9755485
20-01-2022	1139.624512	1154.574514	1129.297488	1150.020524	16494486
21-01-2022	1139.808472	1151.032471	1127.917581	1127.917581	13338594
24-01-2022	1093.831543	1152.182415	1083.343547	1138.49733	21868937
25-01-2022	1091.692627	1098.77657	1060.297624	1080.790575	24510205
27-01-2022	1075.52356	1083.803551	1063.080637	1074.557595	20020431
28-01-2022	1074.488647	1092.911571	1071.061718	1087.897657	14667727
31-01-2022	1097.833618	1106.941597	1083.849581	1085.689647	12143683
01-02-2022	1094.199585	1113.473492	1079.663638	1107.677583	13200509
02-02-2022	1096.430542	1107.21749	1092.543566	1107.21749	10017691
03-02-2022	1082.262573	1104.664579	1079.709624	1100.317556	9572839
04-02-2022	1072.395508	1080.284562	1067.703541	1076.857512	11061241
07-02-2022	1065.863647	1084.125596	1060.29758	1077.317609	10714467
08-02-2022	1083.780518	1085.597587	1062.597558	1072.096594	12060849
09-02-2022	1096.407593	1098.109559	1084.677676	1090.726543	11486225
10-02-2022	1095.28064	1102.019517	1087.943616	1102.019517	12464491
11-02-2022	1093.141602	1096.867604	1078.283585	1091.692594	15943370
14-02-2022	1075.730591	1083.27458	1063.977557	1076.512585	10719633
15-02-2022	1112.254517	1114.991558	1074.419589	1081.549524	11212671
16-02-2022	1109.95459	1119.17755	1102.134645	1117.797531	10392840
17-02-2022	1124.007446	1129.251445	1108.59752	1113.243494	12853252
18-02-2022	1115.221558	1129.941475	1113.266511	1124.421521	6775458
21-02-2022	1103.951538	1121.247522	1096.913588	1109.517484	11107193
22-02-2022	1098.9375	1102.111592	1079.68659	1082.331525	13494914
23-02-2022	1092.060547	1107.010548	1089.277635	1104.503591	7310110
24-02-2022	1037.642578	1076.351605	1031.961651	1060.297541	24846650
25-02-2022	1050.614746	1061.654654	1047.072714	1048.843669	14570089
28-02-2022	1085.390503	1088.978527	1031.77771	1031.77771	21297446
02-03-2022	1103.330566	1104.457626	1071.429645	1073.844617	21471786
03-03-2022	1094.015625	1110.828567	1090.220634	1103.997583	10186748
04-03-2022	1069.75061	1087.575508	1067.358635	1082.377502	10805667
07-03-2022	1030.190796	1063.563721	1022.117771	1048.199665	17983310
08-03-2022	1028.327637	1033.157702	1002.797715	1017.287669	21289374
09-03-2022	1082.883545	1088.817553	1027.706641	1028.557746	20414228
10-03-2022	1100.432495	1106.297514	1085.597597	1103.997523	17980493
11-03-2022	1103.606445	1109.057532	1092.980471	1092.980471	12257423
14-03-2022	1112.668457	1115.221528	1092.037529	1097.971537	8340678
15-03-2022	1087.18457	1116.854488	1076.788559	1116.854488	15925769
16-03-2022	1105.538574	1107.631599	1093.463592	1095.71759	11149828
17-03-2022	1141.579468	1148.801388	1110.943465	1119.062482	21422098
21-03-2022	1135.001465	1142.637439	1121.937522	1124.237513	11999466
22-03-2022	1164.326416	1166.074375	1128.653503	1131.643381	22557065
23-03-2022	1168.029297	1179.828324	1160.577415	1160.577415	15462187
24-03-2022	1186.17627	1188.706345	1154.59742	1154.59742	13168266
25-03-2022	1194.088379	1203.357331	1185.417329	1187.947405	14222488
28-03-2022	1206.09436	1209.682263	1189.787337	1200.597281	9891424
29-03-2022	1206.370239	1213.477178	1199.401278	1213.477178	8684065
30-03-2022	1229.554321	1236.47729	1203.863364	1214.351361	15811550
31-03-2022	1211.9823	1228.059362	1209.153395	1225.874352	13223718
01-04-2022	1221.688232	1225.966266	1206.117333	1212.557258	7922880
04-04-2022	1225.299316	1230.497323	1215.156385	1221.504325	7929162
05-04-2022	1207.980225	1228.151227	1205.51926	1219.503174	13149870
06-04-2022	1204.760376	1211.867315	1190.063455	1190.063455	12257215
07-04-2022	1183.508423	1198.757376	1180.817374	1193.74334	15496499
08-04-2022	1203.196289	1207.497319	1177.597318	1177.597318	15152495
11-04-2022	1200.689331	1213.730277	1188.177299	1195.997243	9254209
12-04-2022	1178.080444	1197.193377	1175.48138	1190.017328	13217742
13-04-2022	1173.756348	1192.593324	1170.927321	1184.267341	10354235
18-04-2022	1170.168335	1177.505358	1160.025404	1165.177417	9974224
19-04-2022	1214.765259	1227.277291	1173.480406	1176.677373	26141820
20-04-2022	1250.484131	1257.637183	1218.583212	1222.263222	25072240
21-04-2022	1279.763184	1282.937154	1256.717161	1265.411207	21708633
22-04-2022	1269.045166	1288.917096	1262.329164	1269.091159	15054154
25-04-2022	1239.697266	1268.861145	1225.2763	1261.501247	17063215
26-04-2022	1276.796143	1285.697154	1245.53924	1246.597189	12227666
27-04-2022	1278.038208	1300.877142	1267.320127	1267.688188	19338945
28-04-2022	1297.128174	1311.457155	1281.603144	1292.574185	25614076
29-04-2022	1283.512207	1313.826143	1277.555203	1313.826143	18214862
02-05-2022	1279.00415	1290.527101	1268.700124	1270.517193	9467006
04-05-2022	1239.076172	1283.397138	1231.095254	1281.097147	19247660
05-05-2022	1214.811279	1255.797182	1210.717337	1252.807181	17210669
06-05-2022	1205.496338	1223.137266	1193.030298	1201.609362	19649948
09-05-2022	1158.415405	1194.663347	1153.217399	1184.474302	18083752
10-05-2022	1138.336426	1162.233431	1130.677455	1147.697485	19511677
11-05-2022	1126.675537	1143.074546	1114.094515	1137.416493	16643899
12-05-2022	1103.721558	1120.028459	1090.197568	1116.647523	20490321
13-05-2022	1116.233521	1139.877446	1111.058511	1115.957565	19308778
16-05-2022	1116.509521	1141.257387	1111.65646	1119.844465	13437911
17-05-2022	1163.406372	1168.351419	1118.717464	1120.143475	16551828
18-05-2022	1167.638428	1182.197371	1153.79249	1168.236452	17276788
19-05-2022	1140.728394	1155.747383	1134.380453	1142.637448	14699118
20-05-2022	1207.244263	1216.42123	1150.917424	1155.747368	21793091
23-05-2022	1199.171387	1220.630302	1192.777332	1210.487249	15252755
24-05-2022	1203.28833	1213.477254	1194.93935	1199.217384	13527818
25-05-2022	1201.517334	1222.079273	1196.687268	1212.097316	12714544
26-05-2022	1190.063354	1212.051305	1172.077361	1207.221239	17882023
27-05-2022	1184.543335	1198.366276	1168.443399	1192.80033	16521973
30-05-2022	1225.805298	1230.037218	1193.32935	1202.897253	13853398
31-05-2022	1211.016235	1232.245187	1203.219287	1215.041189	70620653
01-06-2022	1211.407349	1221.389306	1203.449305	1211.775289	9776989
02-06-2022	1253.175171	1256.924169	1211.637239	1211.637239	22126569
03-06-2022	1278.567139	1295.978105	1261.317146	1262.23724	23939791
06-06-2022	1273.07019	1294.437121	1265.825152	1278.797232	11093152
07-06-2022	1275.462158	1283.903123	1265.940247	1274.151128	12358255
08-06-2022	1253.060303	1279.257178	1249.495274	1275.462187	12479250
09-06-2022	1287.422119	1289.377044	1246.597192	1246.597192	17278305
10-06-2022	1248.552246	1283.351181	1242.687227	1275.07119	18093057
13-06-2022	1224.931152	1229.485141	1203.495234	1218.997266	17620803
14-06-2022	1208.923218	1229.048228	1202.184219	1219.020278	14714312
15-06-2022	1194.295288	1213.155261	1188.821327	1204.070279	11195535
16-06-2022	1177.597412	1223.160301	1174.837374	1206.577322	17111475
17-06-2022	1191.397339	1207.428286	1175.803442	1177.597394	24457187
20-06-2022	1169.800415	1203.863348	1159.703354	1198.29728	12066797
21-06-2022	1188.68335	1192.961262	1163.01539	1177.597329	11720049
22-06-2022	1152.573364	1176.815312	1150.457344	1176.723327	10617206
23-06-2022	1133.87439	1161.497397	1124.697423	1156.920411	19446323
24-06-2022	1150.020508	1155.057418	1135.277473	1140.797548	14240234
27-06-2022	1146.616455	1170.674435	1141.510434	1170.674435	15474529
28-06-2022	1162.73938	1165.614399	1141.763507	1141.763507	13572847
29-06-2022	1186.866333	1194.61741	1150.457416	1153.309439	19205146
30-06-2022	1193.996338	1203.311282	1180.357367	1186.797293	23112959
01-07-2022	1107.999512	1192.3173	1087.897618	1184.451363	81997149
04-07-2022	1110.299438	1123.317388	1088.403473	1094.314485	41857728
05-07-2022	1119.29248	1133.851424	1111.863472	1114.577518	17647327
06-07-2022	1109.448486	1123.294424	1098.477568	1113.243477	23943726
07-07-2022	1098.52356	1119.292465	1092.497567	1115.911529	23301033
08-07-2022	1100.041626	1112.277583	1095.970558	1112.277583	19010108
11-07-2022	1114.991577	1117.245454	1090.197596	1093.187596	13847467
12-07-2022	1113.404419	1122.259438	1105.837434	1105.837434	10778989
13-07-2022	1093.670532	1119.637566	1091.577629	1116.555581	14224132
14-07-2022	1102.686523	1119.614568	1093.394575	1098.4776	16970315
15-07-2022	1104.825562	1110.897547	1096.223622	1110.897547	9603210
18-07-2022	1114.232544	1115.49746	1100.455474	1113.657516	15160908
19-07-2022	1121.063599	1125.617588	1104.135554	1104.135554	16439888
20-07-2022	1151.377319	1169.547282	1143.672357	1168.397348	23924246
21-07-2022	1143.695435	1149.997504	1134.955518	1147.237467	16523230
22-07-2022	1151.423462	1157.495447	1147.69746	1149.997451	10969995
25-07-2022	1113.38147	1135.024477	1105.377555	1135.024477	23110452
26-07-2022	1113.887451	1124.191478	1109.218481	1113.703481	11303288
27-07-2022	1112.82959	1116.417493	1104.917538	1113.174534	8655086
28-07-2022	1130.26355	1135.254468	1113.657574	1120.557547	12496073
29-07-2022	1154.34436	1157.863396	1133.437477	1138.359406	15130683
01-08-2022	1184.428345	1190.362353	1153.493389	1158.806377	15700044
02-08-2022	1188.936279	1199.58525	1178.310305	1183.347337	13917913
03-08-2022	1198.918335	1200.597305	1181.024447	1195.997323	14250977
04-08-2022	1183.071289	1204.162264	1166.097374	1200.597236	14467127
05-08-2022	1165.637329	1186.245261	1162.39437	1184.957349	13942438
08-08-2022	1180.886353	1188.430342	1164.257381	1164.257381	10165178
10-08-2022	1187.947388	1191.351321	1176.240346	1185.37132	10724688
11-08-2022	1191.90332	1200.551251	1186.889284	1197.423274	8198226
12-08-2022	1211.177246	1215.01823	1187.809398	1191.535278	12650587
16-08-2022	1219.595215	1222.355252	1208.555308	1217.249232	6607378
17-08-2022	1225.966309	1231.371281	1221.550297	1225.89732	6595965
18-08-2022	1228.189575	1231.743042	1218.451904	1227.5896	7410035
19-08-2022	1206.291382	1228.374146	1202.18396	1222.974609	9460724
22-08-2022	1202.945435	1214.344482	1193.438599	1207.745117	9471680
23-08-2022	1221.497803	1224.451416	1195.907593	1197.130615	9678484
24-08-2022	1218.244141	1232.20459	1216.213623	1218.405762	10369622
25-08-2022	1214.690674	1228.927856	1210.329468	1222.48999	7871946
26-08-2022	1208.206543	1222.974609	1203.130127	1215.129028	10742038
29-08-2022	1198.815063	1225.282104	1189.769653	1192.977051	19838975
30-08-2022	1217.413452	1220.782471	1189.100464	1206.360596	23139054
01-09-2022	1181.624146	1202.18396	1177.147583	1191.892578	19909939
02-09-2022	1167.825317	1188.52356	1165.610107	1181.624146	12999345
05-09-2022	1185.96228	1191.361816	1168.05603	1168.05603	11327815
06-09-2022	1198.445801	1202.668579	1186.977539	1187.439087	10899618
07-09-2022	1191.477173	1197.545898	1186.054565	1188.362061	7488501
08-09-2022	1193.161621	1198.976563	1186.516113	1194.476929	7057077
09-09-2022	1185.731567	1204.514526	1183.285522	1204.514526	8314850
12-09-2022	1198.999634	1205.437622	1186.30835	1186.30835	7435419
13-09-2022	1209.01416	1213.606079	1200.361084	1208.206543	8888657
14-09-2022	1194.523071	1204.514526	1187.32373	1188.362061	8678219
15-09-2022	1182.685669	1201.537842	1179.939697	1192.054077	10365600
16-09-2022	1153.380371	1178.209106	1149.596069	1173.940186	20217708
19-09-2022	1154.880249	1164.225586	1145.142578	1153.380371	7580254
20-09-2022	1155.064819	1171.148193	1151.303589	1164.110229	8411448
21-09-2022	1158.249268	1168.979126	1151.442139	1152.249756	9207309
22-09-2022	1147.334717	1155.134033	1140.873779	1147.288574	10308170
23-09-2022	1125.828857	1151.880493	1124.259766	1146.827148	9528051
26-09-2022	1097.146606	1115.814331	1096.131348	1104.853638	12479523
27-09-2022	1105.869019	1119.598633	1089.185791	1104.830566	16154822
28-09-2022	1076.425293	1097.446655	1073.956299	1089.301147	16997059
29-09-2022	1073.12561	1092.60083	1067.449097	1089.139648	14671827
30-09-2022	1097.331299	1108.522583	1066.526123	1066.526123	18613024
03-10-2022	1093.523926	1115.421997	1090.52417	1103.67688	11852723
04-10-2022	1113.691406	1115.906616	1103.053833	1106.584351	8948850
06-10-2022	1117.798706	1130.674561	1115.97583	1120.983154	13352162
07-10-2022	1122.529175	1127.859497	1114.360596	1114.360596	7714340
10-10-2022	1110.276367	1115.722046	1102.061646	1109.907104	6329527
11-10-2022	1088.17041	1114.060547	1085.032227	1114.060547	9215177
12-10-2022	1096.17749	1099.154175	1081.34021	1085.447632	7417103
13-10-2022	1099.661865	1104.830566	1089.185791	1094.400757	7328492
14-10-2022	1094.077637	1115.145142	1093.339233	1114.522095	9106089
17-10-2022	1111.637695	1114.060547	1081.571045	1086.832153	16729355
18-10-2022	1131.251465	1136.674072	1116.898804	1117.752563	12415820
19-10-2022	1150.934448	1166.602417	1126.844116	1132.751343	19247142
20-10-2022	1154.026489	1162.518066	1146.827148	1146.827148	8717053
21-10-2022	1140.642944	1161.502808	1138.520142	1157.303101	8243452
24-10-2022	1144.450317	1154.90332	1133.120605	1135.289551	3370033
25-10-2022	1126.774902	1153.288086	1125.136597	1153.288086	12233241
27-10-2022	1131.205322	1139.189331	1122.736816	1134.366577	12513059
28-10-2022	1165.817871	1169.9021	1135.035767	1137.597046	17609592
31-10-2022	1176.640015	1181.878052	1168.609863	1172.671143	12419943
01-11-2022	1167.525391	1199.899536	1157.44165	1199.899536	13963166
02-11-2022	1174.817017	1176.91687	1160.672119	1168.656006	8981896
03-11-2022	1179.201294	1181.231934	1165.310181	1167.525391	6693449
04-11-2022	1196.553711	1199.899536	1177.332275	1178.62439	12575815
07-11-2022	1202.945435	1204.653076	1187.900635	1195.746094	11789748
09-11-2022	1201.745605	1210.029541	1195.307617	1204.653076	11254205
10-11-2022	1187.208374	1198.307373	1182.824097	1195.284546	5966242
11-11-2022	1214.575317	1216.51355	1194.361572	1199.899536	12310132
14-11-2022	1208.691162	1219.282593	1202.276245	1214.090698	9043112
15-11-2022	1203.268555	1212.08313	1195.284546	1210.19104	7086433
16-11-2022	1196.369141	1207.260498	1191.292603	1204.514526	9716161
17-11-2022	1199.461182	1205.899048	1190.669556	1192.953979	6661451
18-11-2022	1198.815063	1204.053101	1186.562256	1203.014648	5303197
21-11-2022	1177.23999	1194.361572	1173.640259	1194.361572	6390268
22-11-2022	1183.770142	1185.362305	1170.59436	1174.51709	6611488
23-11-2022	1180.078125	1189.700439	1177.862915	1188.362061	6413408
24-11-2022	1190.254272	1197.130615	1175.993896	1184.208618	9389439
25-11-2022	1208.021973	1211.390869	1191.638672	1194.82312	7349922
28-11-2022	1249.533936	1255.76416	1154.672607	1204.006958	31527484
29-11-2022	1251.67981	1260.656006	1243.280518	1247.872437	11058913
30-11-2022	1260.517578	1267.02478	1245.218872	1251.818359	26164986
01-12-2022	1256.80249	1271.432007	1253.433594	1265.34021	9485801
02-12-2022	1256.271729	1268.201538	1246.326416	1259.894531	11589592
05-12-2022	1237.950195	1253.779663	1235.896606	1251.587524	14828536
06-12-2022	1241.526855	1244.665039	1228.051025	1229.943237	8594245
07-12-2022	1223.205322	1243.742065	1219.351807	1239.127075	8462111
08-12-2022	1222.628418	1229.897095	1218.405762	1227.5896	7757008
09-12-2022	1204.099243	1227.5896	1200.753296	1221.12854	12655763
12-12-2022	1205.94519	1210.514038	1192.977051	1193.207886	9479842
13-12-2022	1211.437134	1215.129028	1202.991577	1205.94519	8333348
14-12-2022	1207.052856	1217.875	1204.976074	1217.275024	7268947
15-12-2022	1189.908081	1206.822021	1186.516113	1201.053345	8688551
16-12-2022	1184.023926	1208.575806	1180.585815	1186.516113	15837349
19-12-2022	1199.576538	1201.745605	1184.531616	1191.131104	7729933
20-12-2022	1209.960327	1211.89856	1184.208618	1192.469482	7467588
21-12-2022	1192.746338	1215.129028	1188.869751	1209.591064	8527550
22-12-2022	1189.654297	1202.045532	1184.554688	1198.976563	7451122
23-12-2022	1154.764893	1195.515381	1150.172974	1182.962524	10257115
26-12-2022	1164.848633	1173.132568	1150.242188	1160.556763	5990242
27-12-2022	1174.378662	1176.270752	1160.787476	1167.594604	5763271
28-12-2022	1174.263306	1176.7323	1163.671875	1171.286621	7459393
29-12-2022	1173.732544	1176.316895	1165.517822	1166.210083	6930648
30-12-2022	1175.532349	1189.285034	1172.717285	1174.563232	7289476
02-01-2023	1188.777466	1190.20813	1175.993896	1176.824585	5316175
03-01-2023	1180.078125	1187.439087	1175.809326	1183.770142	7658932
04-01-2023	1162.310425	1181.924194	1160.210571	1180.055054	9264891
05-01-2023	1160.233643	1170.548218	1155.595581	1164.594849	13637099
06-01-2023	1170.778931	1175.87854	1162.195068	1166.048584	6349597
09-01-2023	1198.422729	1200.822632	1173.755615	1174.655518	10722753
10-01-2023	1180.701172	1202.668579	1174.978638	1202.668579	8047142
11-01-2023	1165.817871	1180.516602	1163.487183	1177.978394	11509553
12-01-2023	1140.642944	1168.748291	1137.597046	1165.217896	17688773
13-01-2023	1138.796997	1141.24292	1123.567505	1134.551147	20618583
16-01-2023	1127.951782	1144.358032	1120.060059	1141.150635	13623855
17-01-2023	1143.96582	1145.904053	1130.951538	1134.366577	10751000
18-01-2023	1142.073608	1149.642212	1135.451172	1141.519897	13448286
19-01-2023	1140.850708	1145.050293	1133.74353	1141.24292	11940054
20-01-2023	1127.282593	1142.212036	1124.790527	1142.212036	14930286
23-01-2023	1121.583008	1138.150879	1119.137085	1130.213135	10954118
24-01-2023	1114.960571	1127.744019	1101.761597	1126.05957	16488755
25-01-2023	1099.546387	1114.383667	1098.369629	1113.345337	12385018
27-01-2023	1078.686646	1101.761597	1066.82605	1100.400269	25830975
30-01-2023	1089.024292	1094.63147	1061.911133	1076.079224	21772103
31-01-2023	1086.301392	1101.900146	1080.371094	1099.292603	22691594
01-02-2023	1079.863525	1098.346558	1063.75708	1098.346558	19347800
02-02-2023	1073.887085	1083.601563	1066.526123	1069.756592	13662663
03-02-2023	1074.83313	1084.06311	1058.219116	1084.06311	24699575
06-02-2023	1066.733765	1071.141113	1064.126343	1068.37207	14837879
07-02-2023	1064.172485	1074.094727	1058.219116	1066.987671	15135435
08-02-2023	1085.424561	1089.093506	1064.680176	1067.449097	21160332
09-02-2023	1087.31665	1094.146851	1077.140625	1086.116821	13172763
10-02-2023	1078.363647	1086.786011	1071.279541	1086.786011	10790445
13-02-2023	1072.225708	1084.524658	1067.703003	1080.001953	10352493
14-02-2023	1097.492798	1099.24646	1072.364136	1075.271606	14321920
15-02-2023	1122.344482	1124.767456	1095.13916	1096.52356	33503591
16-02-2023	1121.467651	1137.043335	1119.160156	1130.420776	17264487
17-02-2023	1126.151855	1129.520874	1112.491455	1116.82959	11809520
20-02-2023	1114.245239	1130.559204	1112.260742	1128.367065	8836937
21-02-2023	1123.336792	1129.197754	1113.299072	1118.675659	13311592
22-02-2023	1097.861938	1121.44458	1096.085205	1119.575562	11024335
23-02-2023	1092.60083	1105.176758	1089.762695	1097.446655	9851910
24-02-2023	1100.077148	1105.822876	1092.831665	1094.677612	9434053
27-02-2023	1092.762329	1102.82312	1085.309204	1099.292603	11199715
28-02-2023	1071.856445	1092.370117	1067.749146	1087.339722	21994038
01-03-2023	1081.709473	1082.447876	1072.179443	1081.755615	11551145
02-03-2023	1073.47168	1085.286133	1071.417969	1078.525146	9333535
03-03-2023	1100.861694	1104.576782	1080.625	1084.132324	14643807
06-03-2023	1111.614624	1118.952515	1107.599609	1107.599609	10171916
08-03-2023	1115.606689	1116.368164	1100.677124	1111.614624	15782657
09-03-2023	1088.793457	1115.398926	1086.878296	1114.983643	16235128
10-03-2023	1071.925659	1081.755615	1068.395142	1080.601929	13334091
13-03-2023	1054.296387	1081.755615	1049.912109	1074.83313	12771592
14-03-2023	1050.350586	1063.734009	1047.16626	1052.219604	16027522
15-03-2023	1032.398193	1060.665039	1027.944702	1054.111816	21728555
16-03-2023	1027.252441	1040.220581	1016.314941	1035.144165	18363159
17-03-2023	1025.960327	1039.274536	1021.160706	1035.951782	34014213
20-03-2023	1015.876526	1024.529663	1006.069641	1022.222168	19524589
21-03-2023	1047.466187	1049.450684	1023.145142	1024.045044	21400360
22-03-2023	1050.650513	1057.503784	1047.604614	1054.5271	10920094
23-03-2023	1037.359375	1047.558472	1035.167236	1046.681641	16249370
24-03-2023	1016.822571	1038.374634	1014.376648	1036.182495	12375945
27-03-2023	1032.628906	1040.220581	1015.391968	1023.375916	14054323
28-03-2023	1037.45166	1041.37439	1032.375122	1036.067139	12576424
29-03-2023	1031.313721	1035.974854	1020.422302	1033.298096	18804065
31-03-2023	1075.779175	1081.501831	1040.543701	1040.682129	28171201
03-04-2023	1075.963745	1084.06311	1068.37207	1082.217163	10293043
05-04-2023	1073.379395	1083.601563	1065.395508	1083.601563	16262928
06-04-2023	1080.578735	1086.370605	1069.825806	1069.825806	18435046
10-04-2023	1072.917847	1084.709229	1071.394897	1084.524658	12961408
11-04-2023	1078.225098	1080.371094	1072.548706	1077.140625	10542367
12-04-2023	1082.978638	1092.739258	1075.317749	1078.225098	18179087
13-04-2023	1087.062866	1091.816284	1080.832642	1085.909058	12378208
17-04-2023	1092.577759	1119.114014	1084.086182	1119.114014	17929479
18-04-2023	1080.071167	1096.985107	1073.448608	1096.985107	10405576
19-04-2023	1085.447632	1088.17041	1076.309937	1079.471191	12273475
20-04-2023	1082.70166	1088.678101	1076.263794	1086.416748	7007330
21-04-2023	1084.06311	1089.601074	1078.248169	1084.824585	7647317
24-04-2023	1088.216675	1098.784912	1083.601563	1096.062134	12936186
25-04-2023	1096.546631	1098.646484	1084.755371	1091.908569	9236126
26-04-2023	1090.108765	1101.184814	1086.393677	1097.908081	8617834
27-04-2023	1097.008179	1100.215576	1090.985596	1096.062134	9167125
28-04-2023	1117.060303	1118.629517	1099.177246	1099.292603	15565210
02-05-2023	1126.544189	1128.736328	1120.567749	1124.305908	12981805
03-05-2023	1116.875732	1128.367065	1113.622192	1128.367065	7061872
04-05-2023	1129.751587	1131.989868	1114.337524	1117.360352	8635233
05-05-2023	1126.867188	1135.912598	1124.213623	1126.521118	8746585
08-05-2023	1140.781494	1146.204102	1127.974854	1130.674561	9153782
09-05-2023	1144.31189	1147.657837	1136.789429	1142.212036	6464721
10-05-2023	1152.180542	1153.68042	1145.073364	1149.134644	10872255
11-05-2023	1144.658081	1158.133789	1142.927368	1153.265015	10557860
12-05-2023	1146.5271	1147.934692	1133.674316	1139.812256	6955341
15-05-2023	1148.788452	1155.849365	1141.358276	1149.088501	6833343
16-05-2023	1132.428345	1153.564941	1130.743774	1150.980591	8717229
17-05-2023	1125.736572	1137.597046	1120.983154	1136.674072	8798967
18-05-2023	1123.313721	1133.905151	1120.129272	1130.466919	10525531
19-05-2023	1126.959473	1128.805542	1116.298828	1123.313721	8050447
22-05-2023	1132.982056	1138.058594	1122.529175	1123.752075	7434906
23-05-2023	1132.774414	1138.981567	1131.34375	1135.5896	6092034
24-05-2023	1126.174927	1137.13562	1123.036743	1128.782471	8112254
25-05-2023	1126.036499	1130.213135	1115.006714	1123.244507	11487863
26-05-2023	1156.74939	1157.903076	1131.020752	1134.366577	12626260
29-05-2023	1163.25647	1167.594604	1157.072388	1163.44104	10010304
30-05-2023	1162.956543	1171.148193	1160.37207	1163.25647	11342504
31-05-2023	1139.858398	1158.29541	1135.751099	1153.749634	27107927
01-06-2023	1136.789429	1146.781006	1134.366577	1144.588867	14592692
02-06-2023	1133.074341	1145.834839	1131.136108	1140.366089	15800644
05-06-2023	1143.250488	1146.250244	1134.574219	1138.612427	10908682
06-06-2023	1144.219604	1148.07312	1136.212646	1146.111816	7493309
07-06-2023	1152.895874	1153.749634	1141.104492	1147.750122	10312545
08-06-2023	1153.588013	1161.525879	1149.596069	1156.518555	12071109
09-06-2023	1145.419556	1157.695435	1143.596558	1156.980103	5877018
12-06-2023	1146.434814	1148.765381	1137.597046	1142.442871	6391969
13-06-2023	1163.371826	1164.571777	1147.403931	1151.442139	11248016
14-06-2023	1177.678345	1179.13208	1161.595093	1163.44104	13277380
15-06-2023	1178.001465	1182.616455	1170.132813	1177.655273	11813494
16-06-2023	1189.469727	1191.777222	1181.53186	1181.53186	24171579
19-06-2023	1177.655273	1192.515625	1173.432617	1192.515625	6798554
20-06-2023	1180.101196	1183.285522	1169.9021	1175.69397	6921096
21-06-2023	1183.424072	1185.985352	1175.901611	1180.055054	6961603
22-06-2023	1170.132813	1187.577515	1168.517578	1179.593628	7619166
23-06-2023	1160.556763	1169.163696	1159.287598	1167.086914	6628570
26-06-2023	1151.695923	1160.856689	1148.534668	1156.980103	12641159
27-06-2023	1152.111328	1158.133789	1147.588623	1152.157471	9689466
28-06-2023	1167.363892	1171.217407	1152.757324	1159.749146	11354006
30-06-2023	1176.939941	1179.893555	1169.186768	1175.163208	11151555
03-07-2023	1207.145142	1210.052612	1179.293579	1180.539673	12154387
04-07-2023	1194.707764	1211.437134	1187.554443	1211.437134	8061643
05-07-2023	1192.746338	1204.053101	1188.731323	1204.053101	10248062
06-07-2023	1217.782715	1220.413208	1188.84668	1188.84668	19117987
07-07-2023	1215.406006	1229.874023	1212.821533	1216.052124	13375267
10-07-2023	1262.225098	1271.893555	1234.512085	1240.92688	33240016
11-07-2023	1275.908569	1278.354492	1263.401978	1270.462891	20069348
12-07-2023	1277.316162	1293.122559	1274.500977	1276.646973	18733835
13-07-2023	1265.894043	1291.738037	1263.240479	1284.769409	14682934
14-07-2023	1264.832642	1274.154907	1257.633179	1269.124512	15124144
17-07-2023	1290.676636	1299.145142	1258.971558	1267.740112	22220040
18-07-2023	1301.637207	1309.482666	1288.968994	1300.045044	25867313
19-07-2023	1311.513306	1318.043579	1290.815063	1306.044556	39122156
20-07-2023	1309.925049	1315.474976	1290	1290	38717624
21-07-2023	1269.375	1307.449951	1261.800049	1304.5	30249238
24-07-2023	1243.699951	1257.474976	1234.650024	1240.5	23727866
25-07-2023	1242.900024	1252.599976	1240	1247	12026020
26-07-2023	1263.099976	1273.5	1242.5	1242.5	12911012
27-07-2023	1251.349976	1268.824951	1245.175049	1267.025024	17226898
28-07-2023	1263.925049	1271.425049	1250.275024	1256.025024	20827852
31-07-2023	1274.625	1276.949951	1258.974976	1263.925049	8551174
01-08-2023	1256.599976	1279.5	1252.650024	1277.5	9536632
02-08-2023	1243.175049	1256	1231.800049	1254.599976	12748214
03-08-2023	1237.949951	1250.449951	1229.025024	1237.650024	10168350
04-08-2023	1254.775024	1258	1235.800049	1249.400024	22885610
07-08-2023	1261.925049	1264.199951	1252.5	1260.5	5982870
08-08-2023	1254.324951	1267.224976	1249.775024	1264	9844072
09-08-2023	1262.599976	1264.5	1240.550049	1252.425049	11486586
10-08-2023	1268.224976	1275	1254.224976	1262.474976	15470598
11-08-2023	1273.574951	1279.425049	1256.175049	1266.224976	22179330
14-08-2023	1288.625	1291.150024	1262.5	1269.5	9575812
16-08-2023	1287.574951	1291.400024	1275.5	1275.5	10203112
17-08-2023	1269	1289.050049	1266.425049	1283.550049	13673744
18-08-2023	1278.400024	1288.800049	1254.275024	1265.625	18639978
21-08-2023	1260	1277.724976	1257.824951	1269.974976	9221746
22-08-2023	1259.699951	1268.974976	1249.5	1258.449951	7713044
23-08-2023	1261.099976	1271.425049	1258.474976	1262.099976	9517952
24-08-2023	1239.900024	1269.949951	1235.5	1269.949951	14140020
25-08-2023	1234.175049	1252.5	1221.300049	1228	22222400
28-08-2023	1221.875	1242	1215.550049	1236	12580826
29-08-2023	1210.175049	1226.724976	1204.074951	1226.025024	16876644
30-08-2023	1209.025024	1221.5	1207.5	1216	12168946
31-08-2023	1203.5	1212.5	1199.949951	1211.5	21638600
01-09-2023	1206.324951	1212.824951	1200.824951	1203.275024	18112842
04-09-2023	1205.349976	1211.824951	1202.650024	1206.324951	9347626
05-09-2023	1211.800049	1216.974976	1206.224976	1210	8675876
06-09-2023	1214.349976	1218.074951	1208.625	1210.550049	8200370
07-09-2023	1216	1219.125	1205.5	1210.849976	13652572
08-09-2023	1224.099976	1228	1211.474976	1220	23109288
11-09-2023	1237.300049	1238.425049	1226	1226	13271074
12-09-2023	1219.425049	1241.5	1217.974976	1241.5	16255666
13-09-2023	1225.525024	1231.324951	1213.125	1220	12803338
14-09-2023	1226.650024	1232.900024	1222.5	1230	9209636
15-09-2023	1228.925049	1234	1224.75	1234	25468592
18-09-2023	1218.224976	1225.5	1216.025024	1220.025024	7516300
20-09-2023	1191.074951	1213.800049	1177.5	1211.525024	57081884
21-09-2023	1182.400024	1195.050049	1180	1187.474976	12226182
22-09-2023	1177.474976	1191.224976	1175	1188	19176786
25-09-2023	1170.224976	1180.349976	1167.550049	1175.199951	14254884
26-09-2023	1171.25	1175.099976	1167.800049	1169.275024	10087782
27-09-2023	1184.449951	1185.900024	1169.25	1171.75	11722778
28-09-2023	1167.050049	1191.5	1162.5	1191.5	14518346
29-09-2023	1172.5	1184.550049	1167.050049	1170.900024	12342014
03-10-2023	1159.074951	1167.800049	1158	1164.974976	8859056
04-10-2023	1157.074951	1159.5	1147.550049	1154.5	10286386
05-10-2023	1157.050049	1164.699951	1154.5	1159.625	10953682
06-10-2023	1159	1162.400024	1156.025024	1158.525024	5431026
09-10-2023	1149.125	1155.974976	1147.5	1154.050049	7576878
10-10-2023	1154.199951	1158.949951	1151.875	1153.275024	10236032
11-10-2023	1172.525024	1174.849976	1156.5	1157.224976	9814118
12-10-2023	1174.699951	1179.675049	1169.074951	1171.925049	12554450
13-10-2023	1174.650024	1178.75	1164.574951	1170	10150316
16-10-2023	1172.025024	1177.275024	1168	1172.5	5929036
17-10-2023	1177.625	1179.849976	1170.650024	1178	7928180
18-10-2023	1162	1183.5	1160.5	1177.625	8918320
19-10-2023	1153.074951	1160.900024	1150.5	1156	12032556
20-10-2023	1149.550049	1157.349976	1148.150024	1150	8913312
23-10-2023	1131.599976	1153.125	1127.625	1145	7853962
25-10-2023	1128.974976	1140.599976	1121.5	1125.025024	11620688
26-10-2023	1113.25	1129	1110.150024	1125.5	15222534
27-10-2023	1132.900024	1136.75	1117.974976	1120	11771084
30-10-2023	1156.25	1162.5	1134.974976	1137	16813304
31-10-2023	1143.949951	1164	1141.449951	1164	12808438
01-11-2023	1148.699951	1158.75	1137.599976	1144.574951	10309190
02-11-2023	1160.099976	1162.150024	1153.974976	1156.974976	10562104
03-11-2023	1159.849976	1167.474976	1157.875	1163.599976	8850156
06-11-2023	1169.5	1170	1162.800049	1166.150024	10647304
07-11-2023	1161.900024	1169.550049	1159.775024	1167.025024	6960204
08-11-2023	1167.949951	1170.5	1160.875	1166	7884494
09-11-2023	1155.275024	1167.949951	1152.099976	1167.925049	14513610
10-11-2023	1157.449951	1158.175049	1149.025024	1152.775024	7734954
13-11-2023	1157.300049	1162.300049	1155.849976	1161.449951	3854810
15-11-2023	1178.224976	1180.974976	1163.5	1170	12220648
16-11-2023	1180.349976	1187.074951	1173.474976	1175.550049	13134910
17-11-2023	1177.775024	1186.625	1176.025024	1176.449951	7758634
20-11-2023	1174.675049	1179.199951	1168.199951	1174.275024	4490186
21-11-2023	1189.449951	1194	1180.099976	1183	8214450
22-11-2023	1194.099976	1197.224976	1186.099976	1187.5	8534814
23-11-2023	1197.75	1200	1194.099976	1194.099976	8531542
24-11-2023	1196.949951	1201.300049	1195.525024	1195.800049	6749486
28-11-2023	1197.199951	1199.849976	1187.625	1196.949951	13792174
29-11-2023	1200.349976	1205.974976	1199.025024	1204	12531306
30-11-2023	1188.724976	1200.349976	1184.949951	1197.349976	28439984
01-12-2023	1197.150024	1198.199951	1188.800049	1189	14342842
04-12-2023	1210.099976	1225	1199.300049	1225	15590990
05-12-2023	1218.875	1220.425049	1210.824951	1219.5	12693624
06-12-2023	1230.550049	1236.474976	1217.5	1223.550049	16422442
07-12-2023	1228.525024	1230.474976	1221	1230	8142096
08-12-2023	1227.875	1238.349976	1222.5	1231.925049	10204894
11-12-2023	1229.675049	1233.800049	1226.199951	1228	7066138
12-12-2023	1212.025024	1232.474976	1210.074951	1230	9197124
13-12-2023	1216.974976	1219.175049	1203.150024	1211	10031182
14-12-2023	1232.074951	1237.474976	1221.324951	1227	16972354
15-12-2023	1247.800049	1250	1235.025024	1239	15932152
18-12-2023	1260.5	1267.449951	1245.474976	1247.800049	14165188
19-12-2023	1279.050049	1286.949951	1262.599976	1277.5	16820604
20-12-2023	1263.574951	1299.425049	1260	1285.525024	17736722
21-12-2023	1281.275024	1286.75	1259.125	1263.5	13765454
22-12-2023	1282.525024	1290.449951	1273.824951	1279.800049	16541784
26-12-2023	1289.025024	1295.974976	1281.349976	1284	7465664
27-12-2023	1293.425049	1299.949951	1286.550049	1291	9204156
28-12-2023	1302.775024	1306	1293.425049	1294.900024	12302636
29-12-2023	1292.474976	1307	1289.650024	1305.550049	10864584
01-01-2024	1295.125	1303.425049	1286.574951	1290.275024	4030540
02-01-2024	1305.849976	1307.5	1286.5	1292.5	7448800
03-01-2024	1291.650024	1317	1288.599976	1305	9037536
04-01-2024	1298.324951	1304.925049	1289.550049	1294	9612778
05-01-2024	1303.849976	1309.925049	1299	1301.449951	8086406
08-01-2024	1293.675049	1315.974976	1284.474976	1305	7734652
09-01-2024	1290.25	1303.400024	1288.599976	1300	5403074
10-01-2024	1325.050049	1329.5	1287.525024	1288.5	11102740
11-01-2024	1359.900024	1362.5	1328.5	1329.5	23725852
12-01-2024	1370.724976	1373.324951	1345.75	1359.900024	15012164
15-01-2024	1394.125	1396.449951	1366	1375	8610594
16-01-2024	1374.625	1396.300049	1370.5	1389.974976	9069024
17-01-2024	1361.574951	1386.275024	1355.025024	1359.5	12197382
18-01-2024	1367.949951	1371	1351.25	1351.400024	10279438
19-01-2024	1367.449951	1376	1359	1376	10422704
23-01-2024	1328.574951	1371.75	1322.550049	1371.75	20055420
24-01-2024	1343.875	1349.5	1323.925049	1335.224976	21919128
25-01-2024	1353.074951	1364.150024	1335.199951	1342.949951	11808872
29-01-2024	1448.050049	1452.5	1360.175049	1364.5	23893438
30-01-2024	1407.625	1459.974976	1404.425049	1459.949951	14093978
31-01-2024	1426.625	1434.25	1402.5	1404	15130226
01-02-2024	1426.650024	1443.349976	1418.050049	1435	13349362
02-02-2024	1457.699951	1474.900024	1433.175049	1433.175049	19652588
05-02-2024	1439.025024	1470.5	1431.525024	1460.75	8814432
06-02-2024	1427.800049	1441.849976	1419.824951	1441.849976	9047984
07-02-2024	1442.150024	1449.5	1429.25	1435.925049	9296568
08-02-2024	1450.125	1459.474976	1427.525024	1450	14694634
09-02-2024	1460.75	1471.974976	1450.949951	1454	12556798
12-02-2024	1452.349976	1461	1442.349976	1460.75	6674430
13-02-2024	1465.099976	1479	1454	1455.5	7715594
14-02-2024	1481.375	1483.650024	1457.5	1457.5	7117888
15-02-2024	1470.599976	1484.724976	1466.525024	1483.349976	10006782
16-02-2024	1460.574951	1477	1458.550049	1476.474976	9767498
19-02-2024	1474	1479.5	1453.525024	1462.050049	6729828
20-02-2024	1471.025024	1475.5	1461.800049	1475.025024	7117496
21-02-2024	1467.699951	1488.525024	1457.550049	1474	12720292
22-02-2024	1481.75	1484.949951	1458	1468.150024	18493728
23-02-2024	1493.625	1497.550049	1483.349976	1489.5	14438584
26-02-2024	1487.324951	1494.525024	1482.5	1493.550049	7513106
27-02-2024	1485.650024	1499.949951	1478.050049	1483.025024	10826044
28-02-2024	1455.625	1491.275024	1450.175049	1483	8647950
29-02-2024	1460.800049	1478.974976	1454.525024	1465	23628976
01-03-2024	1492.125	1500	1462.5	1463.5	12132926
04-03-2024	1507.400024	1512.449951	1487.224976	1490.474976	10024420
05-03-2024	1500.199951	1507.400024	1486.050049	1505.775024	7107668
06-03-2024	1503	1509	1478.5	1493.449951	7805676
07-03-2024	1478.925049	1503.099976	1475.550049	1502.974976	8315726
11-03-2024	1466.599976	1489	1463.5	1489	11277130
12-03-2024	1475.425049	1488	1465.025024	1466.599976	9432678
13-03-2024	1432.175049	1483.099976	1427.775024	1479.775024	13522134
14-03-2024	1431.474976	1448.525024	1425.5	1439.699951	18571102
15-03-2024	1418.224976	1433.224976	1412.900024	1425.949951	19223818
18-03-2024	1439.474976	1441.724976	1416.525024	1420	9169392
19-03-2024	1425.25	1437.599976	1417.25	1428.75	8275764
20-03-2024	1443.75	1445	1424.025024	1427.949951	8488806
21-03-2024	1450.974976	1457.900024	1444.675049	1452.525024	13006936
22-03-2024	1455.025024	1460	1447.349976	1449.974976	19527608
26-03-2024	1441.574951	1452.400024	1439	1445	11415906
27-03-2024	1492.849976	1500	1447	1448	16326644
28-03-2024	1485.849976	1505.949951	1478.650024	1492.875	21854364
01-04-2024	1484.775024	1493.974976	1482.5	1492.474976	5013880
02-04-2024	1486.949951	1494	1475	1484	8910166
03-04-2024	1471.599976	1484.449951	1468.900024	1482.074951	7008292
04-04-2024	1462.925049	1479.75	1450	1479.75	14490272
05-04-2024	1460.099976	1470.800049	1456	1460.875	7442298
08-04-2024	1485.974976	1490.974976	1461	1462.974976	8357118
09-04-2024	1463.650024	1489.800049	1462.5	1489	7071414
10-04-2024	1479.574951	1487	1466.349976	1466.349976	9138330
12-04-2024	1467.150024	1486.474976	1463.074951	1475.875	15551012
15-04-2024	1464.824951	1482.125	1446.324951	1461	12902062
16-04-2024	1465.75	1471.175049	1450.925049	1453.349976	9366184
18-04-2024	1464.324951	1486	1459.349976	1463.5	19005692
19-04-2024	1470.125	1474	1443.025024	1456.775024	15741778
22-04-2024	1479.849976	1482.824951	1467.800049	1472.449951	10350362
23-04-2024	1459.324951	1493.5	1455.550049	1479	14605554
24-04-2024	1450.175049	1468.550049	1449.5	1463.5	10462776
25-04-2024	1459.974976	1467.974976	1441.5	1442.5	15943926
26-04-2024	1452.550049	1465	1450	1463.949951	9413848
29-04-2024	1465.025024	1467.900024	1450	1450	7247974
30-04-2024	1467	1483.074951	1462.875	1468	11474262
02-05-2024	1466.550049	1477.324951	1464.125	1472	14512646
03-05-2024	1434	1474.949951	1416.150024	1471	17226958
06-05-2024	1419.525024	1440	1418	1435.5	7394208
07-05-2024	1401.474976	1420.75	1392	1415.974976	14517472
08-05-2024	1418.550049	1432.949951	1397.5	1397.5	9439002
09-05-2024	1394.125	1423.75	1390	1413	11009612
10-05-2024	1407.425049	1410	1388.074951	1396.75	10505096
13-05-2024	1402.699951	1406.974976	1384	1399.900024	8456620
14-05-2024	1420.074951	1427.074951	1400.025024	1400.974976	7188300
15-05-2024	1416.275024	1429.974976	1413.025024	1420.5	5046534
16-05-2024	1425.349976	1427.5	1398.025024	1418.550049	14711774
17-05-2024	1435.699951	1437.199951	1413.25	1423.050049	10916476
21-05-2024	1436.125	1441.824951	1425.599976	1425.599976	11176128
22-05-2024	1460.650024	1468.775024	1436.275024	1436.275024	10281604
23-05-2024	1486.050049	1492.224976	1455	1458.550049	14608260
24-05-2024	1480.25	1488.5	1476.099976	1483.625	7094776
27-05-2024	1466.25	1484.900024	1461.550049	1480.224976	6629010
28-05-2024	1456.199951	1478.5	1452.75	1468	7820162
29-05-2024	1440.775024	1458	1438.449951	1446.5	7383556
30-05-2024	1424.849976	1440.400024	1420.099976	1435.5	13206858
31-05-2024	1430.400024	1442.25	1422.25	1431.300049	31069832
03-06-2024	1510.324951	1514.5	1459	1483	21527942
04-06-2024	1397.275024	1498.050049	1359.300049	1498.050049	36709098
05-06-2024	1420.75	1431.150024	1384.099976	1422	17464890
06-06-2024	1431.599976	1443.699951	1421.349976	1435	17855722
07-06-2024	1469.949951	1472	1426.5	1428.5	18558696
10-06-2024	1471.400024	1493.349976	1468.074951	1469.949951	9251760
11-06-2024	1456.675049	1473.675049	1454.675049	1469	11774902
12-06-2024	1463.324951	1476	1455.175049	1457.5	10081742
13-06-2024	1465.25	1472.25	1460.099976	1472	9181160
14-06-2024	1477.550049	1479.675049	1457.224976	1470	8157998
18-06-2024	1481.025024	1487.400024	1471.349976	1487.349976	7196766
19-06-2024	1458.650024	1487.5	1456	1487.5	8725874
20-06-2024	1473.699951	1482.849976	1450.099976	1459	16113776
21-06-2024	1454.199951	1474.699951	1440.574951	1473.625	31170360
24-06-2024	1441.474976	1449.5	1437.5	1445.525024	8878386
25-06-2024	1454.150024	1455.925049	1441	1443	7045386
26-06-2024	1514.025024	1518.974976	1445.125	1446.050049	22014882
27-06-2024	1530.550049	1537.5	1506	1513.75	28383030
28-06-2024	1565.400024	1581	1531.025024	1531.025024	28957336
01-07-2024	1560.150024	1579.400024	1555.675049	1562.525024	7724306
02-07-2024	1565.175049	1573.5	1557	1569.5	7749246
03-07-2024	1552.425049	1575	1542.775024	1566.324951	9049620
04-07-2024	1554.025024	1567.5	1550.800049	1557	6837176
05-07-2024	1588.625	1598.5	1548	1553.824951	12269710
08-07-2024	1600.900024	1608.800049	1582.525024	1589	9500806
09-07-2024	1590.275024	1600.5	1580.5	1597.599976	6960002
10-07-2024	1584.224976	1597.5	1563.150024	1595	7134578
11-07-2024	1580.650024	1604.25	1570.5	1587.5	11940946
12-07-2024	1596.724976	1605.150024	1574.5	1584.5	12924784
15-07-2024	1597.224976	1605.849976	1585.5	1604.449951	5329688
16-07-2024	1576.25	1600	1569.125	1593.5	9386838
18-07-2024	1586.675049	1593.900024	1557.824951	1576	12298374
19-07-2024	1555.150024	1589.974976	1552.800049	1586	13140390
22-07-2024	1500.675049	1537.5	1499.275024	1537.25	19674376
23-07-2024	1487.900024	1505.75	1463	1501	18052044
24-07-2024	1495.699951	1509.5	1476.400024	1485	11913362
25-07-2024	1492.400024	1500.474976	1477.074951	1481	12519876
26-07-2024	1509.025024	1512.425049	1490.349976	1492.400024	9859940
29-07-2024	1520.099976	1527.5	1511.775024	1511.949951	7538550
30-07-2024	1513.150024	1525	1510	1517.025024	8228208
31-07-2024	1505.425049	1510.449951	1501.150024	1504	10057346
01-08-2024	1515.300049	1518	1504.300049	1512	10764222
02-08-2024	1499.324951	1509.324951	1493.275024	1505	10268248
05-08-2024	1447.324951	1483.900024	1433.25	1480	17046704
06-08-2024	1456.050049	1477.5	1451.324951	1455.150024	10236186
07-08-2024	1464.824951	1472.5	1461.5	1469	8174568
08-08-2024	1449.125	1465	1445.925049	1457.525024	12387192
09-08-2024	1474.300049	1476.5	1456	1460	6249776
12-08-2024	1460.625	1473	1457.75	1470	8184584
13-08-2024	1463.625	1470.074951	1458	1460.75	6265064
14-08-2024	1461.849976	1472	1453.699951	1463.550049	6267466
16-08-2024	1478.199951	1480.400024	1458.050049	1468.650024	9416902
19-08-2024	1488.400024	1498.300049	1480.5	1482.5	13797742
20-08-2024	1495.949951	1503.925049	1490.025024	1497.224976	8411808
21-08-2024	1498.675049	1507.875	1490	1493.25	7769996
22-08-2024	1498.125	1506.5	1490.650024	1503	10445782
23-08-2024	1499.974976	1511.324951	1498.425049	1503.75	9249654
26-08-2024	1512.599976	1523	1503	1506.974976	8816114
27-08-2024	1500.449951	1513.474976	1499.449951	1510.5	6251156
28-08-2024	1498.300049	1507.474976	1493	1505	9610286
29-08-2024	1520.925049	1537	1494	1503.099976	38335358
30-08-2024	1509.625	1539.724976	1503.324951	1534	41620730
02-09-2024	1516.25	1526.800049	1506.625	1510.875	11240852
03-09-2024	1509.125	1523	1507.5	1521.25	10923800
04-09-2024	1514.550049	1517.5	1499.5	1500.699951	11983304
05-09-2024	1492.974976	1525.775024	1487.050049	1519.050049	16264168
06-09-2024	1464.824951	1497	1461.625	1492.5	19394228
09-09-2024	1462.449951	1469.925049	1455.599976	1466.5	9010298
10-09-2024	1461.525024	1472.050049	1457.574951	1460.5	10768260
11-09-2024	1451.5	1468.75	1447.550049	1463.050049	9760202
12-09-2024	1479.800049	1486	1445.875	1457	22349376
13-09-2024	1472.625	1483.150024	1469.5	1476.400024	8711328
16-09-2024	1471.349976	1480.900024	1464.75	1477.550049	5481774
17-09-2024	1472.300049	1477.474976	1466.625	1474	5935328
18-09-2024	1463.449951	1482	1460.550049	1470	8574714
19-09-2024	1469.675049	1476.5	1455.550049	1466.25	16955902
20-09-2024	1485.925049	1495	1471.375	1474	30897320
23-09-2024	1493.375	1501.5	1488.949951	1491	8832314
24-09-2024	1489.375	1500.5	1487.875	1488.5	17137444
25-09-2024	1493.949951	1496.5	1480.199951	1483.900024	7069002
26-09-2024	1497.949951	1504	1488.050049	1490.650024	18818998
27-09-2024	1526.175049	1533.474976	1492	1499	20597478
30-09-2024	1476.574951	1524.974976	1474.400024	1519.400024	27008814
01-10-2024	1464.824951	1487.949951	1462.824951	1480.650024	16431642
03-10-2024	1406.974976	1449.400024	1402.074951	1436.574951	37757294
04-10-2024	1386.525024	1417.349976	1381.775024	1403.925049	37072876
07-10-2024	1370.724976	1396.5	1361.375	1393.5	22181340
08-10-2024	1397.349976	1401	1365.099976	1372.974976	17020808
09-10-2024	1374.599976	1400.974976	1372.5	1397.525024	14310610
10-10-2024	1371.050049	1386	1369.425049	1380.025024	22358646
11-10-2024	1372.099976	1383.275024	1368.824951	1370	7980122
14-10-2024	1372.525024	1380.074951	1368.25	1379.449951	12221432
15-10-2024	1344.025024	1371.699951	1340.699951	1358.525024	33762794
16-10-2024	1354.074951	1364	1337.625	1340	20034438
17-10-2024	1356.425049	1368.449951	1352.050049	1365.699951	15543660
18-10-2024	1359.300049	1368.425049	1341.324951	1352.175049	12082452
21-10-2024	1369.199951	1374	1357.724976	1367.125	14067408
22-10-2024	1343.349976	1376	1340.224976	1369.199951	15831960
23-10-2024	1338.525024	1357.474976	1335	1337.5	17214742
24-10-2024	1339.800049	1343.699951	1323.125	1335.275024	22155934
25-10-2024	1327.849976	1344.349976	1322	1343.5	18597496
28-10-2024	1334.349976	1353	1322.099976	1337	10824350
29-10-2024	1340	1343.199951	1320.300049	1328.099976	12008361
30-10-2024	1343.900024	1350	1325.349976	1335	11984423
31-10-2024	1332.050049	1343	1326.150024	1340	9331650
01-11-2024	1338.650024	1341.949951	1333	1333.050049	2127335
04-11-2024	1302.150024	1340	1285.099976	1337.849976	19796890
05-11-2024	1305.300049	1309.550049	1286.150024	1293	16267479
06-11-2024	1325.349976	1328.300049	1300.199951	1310	21625209
07-11-2024	1305.650024	1324	1302.599976	1324	9611974
08-11-2024	1283.75	1301.650024	1275	1297.650024	19814406
11-11-2024	1272.699951	1286	1267	1278.949951	9056552
12-11-2024	1274.25	1289.300049	1267.5	1275.550049	10671091
13-11-2024	1252.050049	1275.449951	1249.5	1270.25	14633633
14-11-2024	1267.599976	1272.599976	1251.099976	1253.599976	12612633
18-11-2024	1260.75	1272.900024	1243.900024	1267.599976	13620611
19-11-2024	1241.650024	1281.5	1235.150024	1260.75	14183746
21-11-2024	1223	1243.949951	1217.25	1241.650024	19433843
22-11-2024	1265.400024	1268.849976	1222.449951	1229.400024	20471957
25-11-2024	1287	1304.449951	1282.449951	1290	28923341
26-11-2024	1295.699951	1297.849976	1284.199951	1294.949951	9247557
27-11-2024	1293.199951	1303.849976	1286	1293.5	9572746
28-11-2024	1270.800049	1296.599976	1269.050049	1289.949951	15027412
29-11-2024	1292.199951	1299.5	1275.25	1280	13202307
02-12-2024	1309.150024	1311.349976	1277.050049	1288	11024152
03-12-2024	1323.300049	1326.800049	1307	1317	16869482
04-12-2024	1308.949951	1328.400024	1304.050049	1326	19608540
05-12-2024	1322.050049	1329.949951	1306.150024	1314.349976	16858723
06-12-2024	1311.550049	1323.900024	1310	1323.900024	9037514
09-12-2024	1295.150024	1315	1293.099976	1303	14650002
10-12-2024	1284.849976	1294.900024	1280.199951	1289.25	16043729
11-12-2024	1278.199951	1290	1276.050049	1285	11724373
12-12-2024	1262.900024	1278.199951	1260.599976	1270	20906813
13-12-2024	1272.849976	1275.199951	1239.599976	1260	28630222
16-12-2024	1268.300049	1281	1266.550049	1275	9486781
17-12-2024	1245.300049	1263.900024	1242.800049	1261.050049	17462791
18-12-2024	1253.25	1259.949951	1240.650024	1240.650024	12670179
19-12-2024	1230.449951	1244.900024	1229	1239	14244653
20-12-2024	1205.300049	1239.5	1201.5	1224	20312896
23-12-2024	1222.300049	1227.199951	1213.199951	1215	10052824
24-12-2024	1222.75	1233.550049	1221	1222.300049	6734917
26-12-2024	1216.550049	1227.699951	1214.25	1224.25	10016178
27-12-2024	1221.050049	1227.900024	1217	1218.300049	7000397
30-12-2024	1210.699951	1223.199951	1208.099976	1216.400024	8818766
31-12-2024	1215.449951	1219.099976	1206.150024	1208	6405475
01-01-2025	1221.25	1226.300049	1211.599976	1214.849976	5892590
02-01-2025	1241.800049	1244.449951	1220	1221.25	15486276
03-01-2025	1251.150024	1262.050049	1235.5	1243.900024	15521102
06-01-2025	1218	1262	1215	1253.949951	14816766
07-01-2025	1240.849976	1244.5	1221.25	1222	10070505
08-01-2025	1265.5	1271.050049	1245.349976	1249	19346579
09-01-2025	1254.75	1269.75	1248.050049	1267	12794704
10-01-2025	1241.900024	1256.75	1236	1253.849976	8120332
13-01-2025	1239.849976	1245.25	1226.400024	1230	13764861
14-01-2025	1238.75	1253.349976	1227.25	1244.099976	13095266
15-01-2025	1252.199951	1257	1241.849976	1244.949951	9578856
16-01-2025	1266.449951	1275	1251.300049	1258.900024	14117603
17-01-2025	1302.349976	1326	1285	1322.25	29366277
20-01-2025	1305.449951	1316	1300.25	1316	14040244
21-01-2025	1273.699951	1313	1270.199951	1310.5	14562976
22-01-2025	1277.099976	1282.900024	1268.699951	1278.300049	10273590
23-01-2025	1263.650024	1277.349976	1261.599976	1270	8720682
24-01-2025	1246.300049	1273	1243.5	1266	14235970
27-01-2025	1229.349976	1240.449951	1220	1239.099976	9536019
28-01-2025	1234.400024	1244.75	1218.5	1238	10568025
29-01-2025	1235.5	1242.75	1228.050049	1236	5928156
30-01-2025	1253.050049	1257	1232.400024	1235.550049	9269259
31-01-2025	1265.099976	1267	1249	1255.849976	6584612
01-02-2025	1264.599976	1270.550049	1241	1265.099976	7118453
03-02-2025	1245.900024	1256	1237.550049	1251	9252345
04-02-2025	1285.199951	1288.800049	1246.599976	1248.050049	16691069
05-02-2025	1278.199951	1290.5	1276.699951	1282.650024	10112028
06-02-2025	1281.550049	1288	1270.349976	1273.699951	9956001
07-02-2025	1266.699951	1283.699951	1262	1276.150024	8764283
10-02-2025	1253.650024	1266.5	1245.550049	1264.5	6970972
11-02-2025	1234.849976	1264.550049	1230.099976	1264.550049	8859714
12-02-2025	1216.550049	1226.900024	1193.349976	1219.449951	21131654
13-02-2025	1216.099976	1228	1212	1217.050049	8511216
14-02-2025	1217.25	1224	1205.449951	1219	10298145
17-02-2025	1224.900024	1227.5	1204.5	1211.099976	8166683
18-02-2025	1225.400024	1229.900024	1216.099976	1224.849976	6673250
19-02-2025	1227.449951	1232.75	1217.550049	1219.5	6217338
20-02-2025	1233	1239.349976	1222	1223.949951	7795582
21-02-2025	1228.150024	1240	1222.150024	1228.699951	6904025
24-02-2025	1214.550049	1223.25	1210.5	1216.550049	7172498
25-02-2025	1204	1221	1201.5	1211	11552182
27-02-2025	1207.099976	1215	1200.650024	1212.800049	11509215
28-02-2025	1200.099976	1217.349976	1193.300049	1202	23007298
03-03-2025	1171.25	1206.449951	1156	1204	17944938
04-03-2025	1161.900024	1174	1159.550049	1162.199951	11377373
05-03-2025	1175.599976	1183	1157	1161	8664095
06-03-2025	1209.599976	1213.949951	1185.150024	1197	14468014
07-03-2025	1249.800049	1254.800049	1212	1216	16474965
10-03-2025	1238.400024	1258	1235.400024	1245	11931051
11-03-2025	1247.300049	1249.5	1229.75	1240	10089838
12-03-2025	1257.050049	1263	1244	1258	11977555
13-03-2025	1247.900024	1264.150024	1243.849976	1260.050049	9505270
17-03-2025	1238.849976	1257.400024	1233.099976	1242.150024	16640917
18-03-2025	1238.849976	1238.849976	1238.849976	1238.849976	0
19-03-2025	1247.150024	1253.25	1238.800049	1241.050049	16162399
20-03-2025	1269.150024	1273	1250.050049	1251.849976	15971477
21-03-2025	1276.349976	1281	1270.099976	1275	21780769
24-03-2025	1302.099976	1306	1284.25	1291	20299319
25-03-2025	1285.449951	1307.699951	1282.599976	1307.699951	13713899
26-03-2025	1273.050049	1293.800049	1268.75	1291	12074747
27-03-2025	1278.199951	1285	1271.300049	1278.150024	15028056
28-03-2025	1275.099976	1295.75	1269	1280	18147129
01-04-2025	1252.599976	1277.900024	1249.300049	1264.599976	12099648
02-04-2025	1251.150024	1255.550049	1243.900024	1247.550049	10142590
03-04-2025	1248.699951	1251.800049	1233.050049	1233.050049	7434366
04-04-2025	1204.699951	1245.449951	1193.150024	1241.099976	17908652
07-04-2025	1165.699951	1171.25	1114.849976	1132.199951	22156106
08-04-2025	1182.199951	1196.599976	1163.300049	1172	19555040
09-04-2025	1185.349976	1189.800049	1168	1169.5	10223104
11-04-2025	1218.949951	1222.650024	1195.150024	1195.150024	11224242
15-04-2025	1240.099976	1251	1237.099976	1251	13378535
16-04-2025	1239.300049	1240.900024	1229	1234.099976	8248464
17-04-2025	1274.5	1280.199951	1227.599976	1240.199951	15398401
21-04-2025	1295.5	1300.900024	1267	1270	10429964
22-04-2025	1291.199951	1303.900024	1286.300049	1300	13051707
23-04-2025	1300	1306	1285.400024	1297	10480888
24-04-2025	1301.599976	1304.5	1290.300049	1292.400024	10468940
25-04-2025	1300.400024	1325.199951	1288.099976	1303.5	14431012
28-04-2025	1368.800049	1374.599976	1320.199951	1340	31104496
29-04-2025	1399.699951	1410.900024	1370	1371	32538970
30-04-2025	1405	1412.400024	1369	1402	25480745
02-05-2025	1419.800049	1426.699951	1409.099976	1414	13007841
05-05-2025	1431.300049	1439.5	1426.900024	1431	12685649
06-05-2025	1420.900024	1432	1410.599976	1431	14084117
07-05-2025	1406	1424.400024	1402.699951	1420.900024	13440169
08-05-2025	1407	1420.800049	1398	1404.099976	16106175
09-05-2025	1377.199951	1394.800049	1374.5	1385.5	13668904
12-05-2025	1436.5	1439	1400	1400	10674081
13-05-2025	1415.699951	1447.699951	1412.400024	1433.5	11407896
14-05-2025	1424.400024	1429.900024	1415.5	1420	5570160
15-05-2025	1454.199951	1461.400024	1412.699951	1425	20177211
16-05-2025	1456.400024	1461	1447.300049	1453.199951	9036695
19-05-2025	1440.800049	1454.599976	1438.199951	1452.099976	6195791
20-05-2025	1424.599976	1445	1421.800049	1438.199951	11270560
21-05-2025	1429.199951	1436.199951	1418.099976	1423.900024	6136364
22-05-2025	1409.400024	1423.800049	1396.900024	1421.199951	12134466
23-05-2025	1426.800049	1433.800049	1406.599976	1406.599976	6474883
26-05-2025	1434.800049	1441	1425.099976	1432	4842944
27-05-2025	1422.099976	1437	1413.900024	1426.099976	12640414
28-05-2025	1412.900024	1422.599976	1410.699951	1420.099976	5944611
29-05-2025	1417.800049	1420	1408.599976	1412.099976	13771917
30-05-2025	1420.900024	1430.599976	1409.699951	1418	13788484
02-06-2025	1413.699951	1417.5	1395.599976	1412.099976	8098668
03-06-2025	1405.5	1426.5	1403.400024	1422.300049	11252626
04-06-2025	1423.5	1425.699951	1406.099976	1414.699951	8126827
05-06-2025	1442.400024	1454.699951	1423.599976	1428	13716817
06-06-2025	1443.5	1451.5	1437	1441	8182161
09-06-2025	1448.800049	1457.5	1445.300049	1457	7885125
10-06-2025	1438.5	1453.900024	1436	1450	7913181
11-06-2025	1448.900024	1468.599976	1443.099976	1445.800049	8195700
12-06-2025	1441.599976	1457	1434.400024	1453.5	8828114
13-06-2025	1427.900024	1435.5	1414.300049	1424	9757276
16-06-2025	1437.800049	1442.400024	1424.400024	1426.900024	8458093
17-06-2025	1431.199951	1448	1425.800049	1448	10366599
